l=[[1008,508],
[1009,507],
[1009,505],
[1010,504],
[1011,503],
[1011,502],
[1012,501],
[1013,500],
[1014,499],
[1015,498],
[1016,497],
[1017,497],
[1018,496],
[1019,495],
[1020,494],
[1021,494],
[1022,493],
[1023,492],
[1024,492],
[1025,491],
[1026,490],
[1027,490],
[1029,490],
[1030,489],
[1031,489],
[1032,488],
[1033,488],
[1035,488],
[1036,488],
[1037,488],
[1038,488],
[1040,488],
[1040,488],
[1041,488],
[1043,488],
[1044,488],
[1045,488],
[1046,488],
[1048,488],
[1049,489],
[1050,489],
[1051,489],
[1052,490],
[1054,490],
[1055,491],
[1056,491],
[1057,492],
[1058,493],
[1059,493],
[1060,494],
[1061,495],
[1062,496],
[1063,496],
[1064,497],
[1065,498],
[1066,499],
[1067,500],
[1068,501],
[1068,502],
[1069,503],
[1070,504],
[1071,505],
[1071,506],
[1072,508],
[1072,509],
[1073,510],
[1073,511],
[1074,512],
[1074,513],
[1074,515],
[1075,516],
[1075,517],
[1075,518],
[1075,520],
[1075,521],
[1075,522]]
