254;255;255
254;255;255
254;255;255
254;255;255
254;255;255
254;255;255
254;255;255
254;255;255
254;255;255
254;255;255
254;255;255
254;255;255
254;255;255
254;255;255
254;255;255
254;255;255
254;255;255
254;255;255
254;255;255
254;255;255
254;255;255
254;255;255
254;255;255
254;255;255
254;255;255
254;255;255
254;255;255
254;255;255
254;255;255
254;255;255
254;255;255
254;255;255
254;255;255
254;255;255
254;255;255
254;255;255
254;255;255
254;255;255
254;255;255
254;255;255
254;255;255
254;255;255
254;255;255
254;255;255
254;255;255
254;255;255
254;255;255
254;255;255
254;255;255
254;255;255
254;255;255
254;255;255
254;255;255
254;255;255
254;255;255
254;255;255
254;255;255
254;255;255
254;255;255
254;255;255
254;255;255
254;255;255
254;255;255
254;255;255
254;255;255
254;255;255
254;255;255
254;255;255
254;255;255
254;255;255
254;255;255
254;255;255
254;255;255
254;255;255
254;255;255
254;255;255
254;255;255
254;255;255
254;255;255
254;255;255
254;255;255
254;255;255
254;255;255
254;255;255
254;255;255
254;255;255
254;255;255
254;255;255
254;255;255
254;255;255
254;255;255
254;255;255
254;255;255
254;255;255
254;255;255
254;255;255
254;255;255
254;255;255
254;255;255
254;255;255
254;255;255
254;255;255
254;255;255
254;255;255
254;255;255
254;255;255
254;255;255
254;255;255
254;255;255
254;255;255
254;255;255
254;255;255
254;255;255
254;255;255
254;255;255
254;255;255
254;255;255
254;255;255
254;255;255
254;255;255
254;255;255
254;255;255
254;255;255
254;255;255
254;255;255
254;255;255
254;255;255
254;255;255
252;253;253
254;255;255
252;253;253
252;253;253
254;255;255
252;253;253
252;253;253
252;253;253
252;253;253
252;253;253
254;255;255
254;255;255
254;255;255
254;255;255
254;255;255
254;255;255
254;255;255
254;255;255
254;255;255
254;255;255
254;255;255
254;255;255
254;255;255
254;255;255
254;255;255
254;255;255
254;255;255
254;255;255
254;255;255
254;255;255
254;255;255
254;255;255
254;255;255
254;255;255
254;255;255
254;255;255
254;255;255
254;255;255
254;255;255
254;255;255
254;255;255
254;255;255
252;253;253
252;253;253
252;253;253
252;253;253
252;253;253
252;253;253
252;253;253
252;253;253
252;253;253
252;253;253
252;253;253
252;253;253
252;253;253
252;253;253
252;253;253
252;253;253
252;253;253
252;253;253
252;253;253
252;253;253
252;253;253
252;253;253
252;253;253
252;253;253
252;253;253
252;253;253
252;253;253
252;253;253
254;255;255
254;255;255
254;255;255
254;255;255
254;255;255
254;255;255
254;255;255
254;255;255
254;255;255
254;255;255
254;255;255
254;255;255
254;255;255
254;255;255
254;255;255
254;255;255
254;255;255
254;255;255
254;255;255
254;255;255
254;255;255
254;255;255
254;255;255
254;255;255
254;255;255
252;253;253
252;253;253
252;253;253
252;253;253
252;253;253
254;255;255
254;255;255
254;255;255
254;255;255
254;255;255
254;255;255
254;255;255
252;253;253
252;253;253
252;253;253
252;253;253
252;253;253
252;253;253
252;253;253
252;253;253
252;253;253
252;253;253
252;253;253
252;253;253
252;253;253
252;253;253
252;253;253
252;253;253
252;253;253
252;253;253
252;253;253
252;253;253
254;255;255
254;255;255
254;255;255
254;255;255
254;255;255
254;255;255
254;255;255
252;253;253
252;253;253
252;253;253
252;253;253
252;253;253
252;253;253
252;253;253
252;253;253
252;253;253
252;253;253
252;253;253
251;252;252
251;252;252
251;252;252
251;252;252
252;253;253
252;253;253
252;253;253
252;253;253
252;253;253
255;253;253
255;253;252
215;255;255
214;255;255
94;233;244
22;219;234
22;219;234
8;219;237
8;219;237
0;220;238
0;220;238
0;220;238
0;220;238
0;220;238
0;220;238
0;220;238
0;220;238
0;220;238
0;220;238
0;220;238
0;220;238
0;220;238
0;220;238
0;220;238
0;220;238
0;220;238
0;220;238
0;220;238
0;220;238
0;220;238
0;220;238
0;220;238
0;220;238
0;220;238
0;220;238
0;220;238
0;220;238
0;220;238
0;220;238
0;220;238
0;220;238
0;220;238
0;220;238
0;220;238
0;220;238
0;220;238
0;220;238
0;220;238
0;220;238
0;220;238
0;220;238
0;220;238
0;220;238
0;220;238
0;220;238
0;220;238
0;220;238
0;220;238
0;220;238
0;220;238
0;220;238
0;220;238
0;220;238
0;220;238
0;220;238
0;220;238
0;220;238
0;220;238
0;220;238
0;220;238
0;220;238
0;220;238
0;220;238
0;220;238
0;220;238
0;220;238
0;220;238
0;220;238
0;220;238
0;220;238
0;220;238
0;220;238
0;220;238
0;220;238
0;220;238
0;220;238
0;220;238
0;220;238
0;220;238
0;220;238
0;220;238
0;220;238
0;220;238
0;220;238
0;220;238
0;220;238
0;220;238
0;220;238
0;220;238
0;220;238
0;220;238
0;220;238
0;220;238
0;220;238
0;220;238
0;220;238
0;220;238
0;220;238
239;254;255
252;254;255
251;253;255
252;253;254
252;253;253
252;253;253
252;253;253
252;253;253
252;253;253
252;253;253
252;253;253
252;253;253
252;253;253
252;253;253
252;253;253
254;255;255
254;255;255
254;255;255
254;255;255
254;255;255
254;255;255
252;253;253
252;253;253
252;253;253
252;253;253
252;253;253
252;253;253
252;253;253
252;253;253
252;253;253
252;253;253
251;252;252
251;252;252
251;252;252
251;252;252
251;252;252
251;252;252
250;251;251
250;251;251
250;251;251
250;251;251
250;251;251
250;251;251
250;251;251
250;251;251
250;251;251
250;251;251
251;252;252
250;251;251
251;252;252
251;252;252
251;252;252
251;252;252
252;253;253
252;253;253
252;253;253
252;253;253
252;253;253
252;253;253
252;253;253
252;253;253
252;253;253
252;253;253
252;253;253
252;253;253
252;253;253
252;253;253
252;253;253
254;255;255
254;255;255
254;255;255
254;255;255
254;255;255
254;255;255
254;255;255
254;255;255
254;255;255
254;255;255
254;255;255
254;255;255
254;255;255
254;255;255
254;255;255
254;255;255
254;255;255
254;255;255
254;255;255
254;255;255
254;255;255
254;255;255
254;255;255
254;255;255
252;253;253
252;253;253
252;253;253
252;253;253
252;253;253
252;253;253
252;253;253
252;253;253
252;253;253
252;253;253
252;253;253
252;253;253
252;253;253
252;253;253
252;253;253
252;253;253
252;253;253
252;253;253
252;253;253
252;253;253
252;253;253
252;253;253
252;253;253
252;253;253
252;253;253
252;253;253
252;253;253
252;253;253
252;253;253
252;253;253
252;253;253
252;253;253
251;252;252
251;252;252
251;252;252
1;220;238
1;220;238
1;220;238
1;220;238
0;220;238
0;220;238
0;220;238
0;220;238
0;220;238
0;220;238
0;220;238
0;220;238
0;220;238
0;220;238
0;220;238
0;220;238
0;220;238
0;220;238
0;220;238
0;220;238
0;220;238
0;220;238
0;220;238
0;220;238
0;220;238
0;220;238
0;220;238
0;220;238
0;220;238
0;220;238
0;220;238
0;220;238
0;220;238
0;220;238
0;220;238
1;221;240
1;221;240
2;221;239
5;221;238
9;222;239
0;202;221
1;195;212
0;186;203
0;177;192
0;165;181
0;154;169
0;142;155
0;130;142
0;117;128
0;104;114
0;78;86
0;66;72
0;55;60
0;44;48
0;34;38
0;24;28
0;18;21
0;11;15
0;6;10
0;3;6
0;1;1
0;1;1
0;0;0
0;0;0
0;0;0
0;0;0
0;0;0
0;0;0
0;0;0
0;0;0
0;0;0
0;0;0
0;0;0
0;0;0
0;0;0
