254;255;255
254;255;255
254;255;255
254;255;255
254;255;255
254;255;255
254;255;255
254;255;255
254;255;255
254;255;255
254;255;255
254;255;255
254;255;255
254;255;255
254;255;255
254;255;255
254;255;255
254;255;255
254;255;255
254;255;255
254;255;255
254;255;255
254;255;255
254;255;255
254;255;255
254;255;255
254;255;255
254;255;255
254;255;255
254;255;255
254;255;255
254;255;255
254;255;255
254;255;255
254;255;255
254;255;255
254;255;255
254;255;255
254;255;255
254;255;255
254;255;255
254;255;255
254;255;255
254;255;255
254;255;255
254;255;255
254;255;255
254;255;255
254;255;255
254;255;255
254;255;255
254;255;255
254;255;255
254;255;255
254;255;255
254;255;255
254;255;255
254;255;255
254;255;255
254;255;255
254;255;255
254;255;255
254;255;255
254;255;255
254;255;255
254;255;255
254;255;255
254;255;255
254;255;255
254;255;255
254;255;255
254;255;255
254;255;255
254;255;255
254;255;255
254;255;255
254;255;255
254;255;255
254;255;255
254;255;255
254;255;255
254;255;255
254;255;255
254;255;255
254;255;255
254;255;255
254;255;255
254;255;255
254;255;255
254;255;255
254;255;255
254;255;255
254;255;255
254;255;255
254;255;255
254;255;255
254;255;255
254;255;255
254;255;255
254;255;255
254;255;255
254;255;255
254;255;255
254;255;255
254;255;255
254;255;255
254;255;255
254;255;255
254;255;255
254;255;255
254;255;255
254;255;255
254;255;255
254;255;255
254;255;255
254;255;255
254;255;255
254;255;255
254;255;255
254;255;255
254;255;255
254;255;255
254;255;255
254;255;255
254;255;255
254;255;255
254;255;255
254;255;255
252;253;253
254;255;255
252;253;253
252;253;253
254;255;255
252;253;253
252;253;253
252;253;253
252;253;253
252;253;253
254;255;255
254;255;255
254;255;255
254;255;255
254;255;255
254;255;255
254;255;255
254;255;255
254;255;255
254;255;255
254;255;255
254;255;255
254;255;255
254;255;255
254;255;255
254;255;255
254;255;255
254;255;255
254;255;255
254;255;255
254;255;255
254;255;255
254;255;255
254;255;255
254;255;255
254;255;255
254;255;255
254;255;255
254;255;255
254;255;255
254;255;255
254;255;255
252;253;253
252;253;253
252;253;253
252;253;253
252;253;253
252;253;253
252;253;253
252;253;253
252;253;253
252;253;253
252;253;253
252;253;253
252;253;253
252;253;253
252;253;253
252;253;253
252;253;253
252;253;253
252;253;253
252;253;253
252;253;253
252;253;253
252;253;253
252;253;253
252;253;253
252;253;253
252;253;253
252;253;253
254;255;255
254;255;255
254;255;255
254;255;255
254;255;255
254;255;255
254;255;255
254;255;255
254;255;255
254;255;255
254;255;255
254;255;255
254;255;255
254;255;255
254;255;255
254;255;255
254;255;255
254;255;255
254;255;255
254;255;255
254;255;255
254;255;255
254;255;255
254;255;255
254;255;255
252;253;253
252;253;253
252;253;253
252;253;253
252;253;253
254;255;255
254;255;255
254;255;255
254;255;255
254;255;255
254;255;255
254;255;255
252;253;253
252;253;253
252;253;253
252;253;253
252;253;253
252;253;253
252;253;253
252;253;253
252;253;253
252;253;253
252;253;253
252;253;253
252;253;253
252;253;253
252;253;253
252;253;253
252;253;253
252;253;253
252;253;253
252;253;253
254;255;255
254;255;255
254;255;255
254;255;255
254;255;255
254;255;255
254;255;255
252;253;253
252;253;253
252;253;253
252;253;253
252;253;253
252;253;253
252;253;253
252;253;253
252;253;253
252;253;253
252;253;253
251;252;252
251;252;252
251;252;252
251;252;252
252;253;253
252;253;253
252;253;253
252;253;253
252;253;253
255;253;253
255;253;252
215;255;255
214;255;255
94;233;244
22;219;234
22;219;234
8;219;237
8;219;237
0;220;238
0;220;238
0;220;238
0;220;238
0;220;238
0;220;238
0;220;238
0;220;238
0;220;238
0;220;238
0;220;238
0;220;238
0;220;238
0;220;238
0;220;238
0;220;238
0;220;238
0;220;238
0;220;238
0;220;238
0;220;238
0;220;238
0;220;238
0;220;238
0;220;238
0;220;238
0;220;238
0;220;238
0;220;238
0;220;238
0;220;238
0;220;238
0;220;238
0;220;238
0;220;238
0;220;238
0;220;238
0;220;238
0;220;238
0;220;238
0;220;238
0;220;238
0;220;238
0;220;238
0;220;238
0;220;238
0;220;238
0;220;238
0;220;238
0;220;238
0;220;238
0;220;238
0;220;238
0;220;238
0;220;238
0;220;238
0;220;238
0;220;238
0;220;238
0;220;238
0;220;238
0;220;238
0;220;238
0;220;238
0;220;238
0;220;238
0;220;238
0;220;238
0;220;238
0;220;238
0;220;238
0;220;238
0;220;238
0;220;238
0;220;238
0;220;238
0;220;238
0;220;238
0;220;238
0;220;238
0;220;238
0;220;238
0;220;238
0;220;238
0;220;238
0;220;238
0;220;238
0;220;238
0;220;238
0;220;238
0;220;238
0;220;238
0;220;238
0;220;238
0;220;238
0;220;238
0;220;238
0;220;238
0;220;238
239;254;255
252;254;255
251;253;255
252;253;254
252;253;253
252;253;253
252;253;253
252;253;253
252;253;253
252;253;253
252;253;253
252;253;253
252;253;253
252;253;253
252;253;253
254;255;255
254;255;255
254;255;255
254;255;255
254;255;255
254;255;255
252;253;253
252;253;253
252;253;253
252;253;253
252;253;253
252;253;253
252;253;253
252;253;253
252;253;253
252;253;253
251;252;252
251;252;252
251;252;252
251;252;252
251;252;252
251;252;252
250;251;251
250;251;251
250;251;251
250;251;251
250;251;251
250;251;251
250;251;251
250;251;251
250;251;251
250;251;251
251;252;252
250;251;251
251;252;252
251;252;252
251;252;252
251;252;252
252;253;253
252;253;253
252;253;253
252;253;253
252;253;253
252;253;253
252;253;253
252;253;253
252;253;253
252;253;253
252;253;253
252;253;253
252;253;253
252;253;253
252;253;253
254;255;255
254;255;255
254;255;255
254;255;255
254;255;255
254;255;255
254;255;255
254;255;255
254;255;255
254;255;255
254;255;255
254;255;255
254;255;255
254;255;255
254;255;255
254;255;255
254;255;255
254;255;255
254;255;255
254;255;255
254;255;255
254;255;255
254;255;255
254;255;255
252;253;253
252;253;253
252;253;253
252;253;253
252;253;253
252;253;253
252;253;253
252;253;253
252;253;253
252;253;253
252;253;253
252;253;253
252;253;253
252;253;253
252;253;253
252;253;253
252;253;253
252;253;253
252;253;253
252;253;253
252;253;253
252;253;253
252;253;253
252;253;253
252;253;253
252;253;253
252;253;253
252;253;253
252;253;253
252;253;253
252;253;253
252;253;253
251;252;252
251;252;252
251;252;252
1;220;238
1;220;238
1;220;238
1;220;238
0;220;238
0;220;238
0;220;238
0;220;238
0;220;238
0;220;238
0;220;238
0;220;238
0;220;238
0;220;238
0;220;238
0;220;238
0;220;238
0;220;238
0;220;238
0;220;238
0;220;238
0;220;238
0;220;238
0;220;238
0;220;238
0;220;238
0;220;238
0;220;238
0;220;238
0;220;238
0;220;238
0;220;238
0;220;238
0;220;238
0;220;238
0;220;238
0;220;238
0;220;238
0;220;238
0;220;238
0;220;238
0;220;238
0;220;238
0;220;238
0;220;238
0;220;238
0;220;238
0;220;238
0;220;238
0;220;238
0;220;238
0;220;238
0;220;238
0;220;238
0;220;238
0;220;238
0;220;238
0;220;238
0;220;238
0;220;238
0;220;238
0;220;238
0;220;238
0;220;238
1;220;238
0;217;236
0;216;234
0;212;230
1;209;226
1;201;218
0;183;199
0;172;187
0;158;173
0;143;157
0;127;139
