0;163;255
0;163;255
0;163;255
0;163;255
0;163;255
0;163;255
0;163;255
0;163;255
0;163;255
0;163;255
0;163;255
0;163;255
0;163;255
0;163;255
0;163;255
0;163;255
0;163;255
0;163;255
0;163;255
0;163;255
0;163;255
0;167;253
1;171;253
0;175;251
0;186;249
0;190;246
0;195;244
0;201;243
0;211;240
0;216;239
0;220;238
0;220;238
0;220;238
0;220;238
0;220;238
0;220;238
0;220;238
0;220;238
0;220;238
0;220;238
0;220;239
0;220;239
0;220;239
0;220;239
0;220;238
0;220;238
0;220;238
0;220;238
0;220;238
0;220;238
0;220;238
0;220;238
0;220;238
0;220;238
2;220;237
5;220;234
12;217;221
41;210;180
56;205;158
71;202;137
102;195;95
117;190;73
132;187;52
155;179;12
163;177;3
168;178;0
168;178;0
168;177;1
168;177;1
168;178;0
168;178;0
168;178;0
168;178;0
168;178;0
166;175;11
161;168;34
4;5;0
0;0;2
0;0;0
0;0;0
0;0;0
0;0;0
0;0;0
0;0;0
0;0;0
0;0;0
0;0;0
0;0;0
0;0;0
0;0;0
0;0;0
0;0;0
0;0;0
0;0;0
0;0;0
0;0;0
0;0;0
0;0;0
0;0;0
0;0;0
0;0;0
0;0;0
0;0;0
0;0;0
0;0;0
0;0;0
0;0;0
0;0;0
0;0;0
0;0;0
0;0;0
0;0;0
0;0;0
0;0;0
0;0;0
0;0;0
0;0;0
0;0;0
0;0;0
0;0;0
0;0;0
0;0;0
0;0;0
0;0;0
0;0;0
0;0;0
0;0;0
0;0;0
0;0;0
0;0;0
0;0;0
0;0;0
0;0;0
0;0;0
0;0;0
0;0;0
0;0;0
0;0;0
0;0;0
0;0;0
0;0;0
0;0;0
0;0;0
0;0;0
0;0;0
0;0;0
0;0;0
0;0;0
0;0;0
0;0;0
0;0;0
0;0;0
0;0;0
0;0;0
0;0;0
0;0;0
0;0;0
0;0;0
0;0;0
0;0;0
0;0;0
0;0;0
0;0;0
0;0;0
0;0;0
0;0;0
0;0;0
0;0;0
0;0;0
0;0;0
0;0;0
0;0;0
0;0;0
0;0;0
0;0;0
0;0;0
0;0;0
0;0;0
0;0;0
0;0;0
0;0;0
0;0;0
0;0;0
0;0;0
0;0;0
0;0;0
0;0;0
0;0;0
0;0;0
0;0;0
0;0;0
0;0;0
0;0;0
0;0;0
0;0;0
0;0;0
0;0;0
0;0;0
0;0;0
0;0;0
0;0;0
0;0;0
0;0;0
0;0;0
0;0;0
0;0;0
0;0;0
0;0;0
0;0;0
0;0;0
0;0;0
0;0;0
0;0;0
0;0;0
0;0;0
0;0;0
0;0;0
0;0;0
0;0;0
0;0;0
0;0;0
0;0;0
0;0;0
0;0;0
0;0;0
0;0;0
0;0;0
0;0;0
0;0;0
0;0;0
0;0;0
0;0;0
0;0;0
0;0;0
0;0;0
0;0;0
0;0;0
0;0;0
0;0;0
0;0;0
0;0;0
0;0;0
0;0;0
0;0;0
0;0;0
0;0;0
0;0;0
0;0;0
0;0;0
0;0;0
0;0;0
0;0;0
0;0;0
0;0;0
0;0;0
0;0;0
0;0;0
0;0;0
0;0;0
0;0;0
0;0;0
0;0;0
0;0;0
0;0;0
0;0;0
0;0;0
0;0;0
0;0;0
0;0;0
0;0;0
0;0;0
0;0;0
0;0;0
0;0;0
0;0;0
0;0;0
0;0;0
0;0;0
0;0;0
0;0;0
0;0;0
0;0;0
0;0;0
0;0;3
0;40;70
0;40;70
32;164;238
0;163;255
0;163;255
0;163;255
0;163;255
0;163;255
0;163;255
0;163;255
0;163;255
0;163;255
0;163;255
0;163;255
0;163;255
0;163;255
0;163;255
0;163;255
0;163;255
0;163;255
0;163;255
0;163;255
0;163;255
0;163;255
0;163;255
0;163;255
0;163;255
0;163;255
0;163;255
0;163;255
0;163;255
0;163;255
0;163;254
2;169;255
0;172;252
0;179;250
0;182;249
0;186;247
0;196;247
0;200;245
0;206;241
0;211;240
0;215;239
0;220;239
0;218;238
0;220;239
0;220;238
0;220;238
0;220;238
0;220;238
0;220;238
0;220;238
0;220;238
0;220;238
0;220;238
0;220;238
0;220;238
0;220;238
0;220;238
0;220;238
0;220;238
0;220;238
0;220;238
0;220;238
0;220;238
0;220;238
0;220;238
0;220;238
0;220;238
0;220;238
0;220;238
0;220;238
0;220;238
0;220;238
0;220;238
1;220;237
5;219;232
11;217;222
33;211;189
45;209;173
70;203;141
82;200;124
92;196;106
116;191;73
128;188;56
152;181;21
160;178;8
165;177;2
168;178;0
168;178;0
168;178;0
168;178;0
168;178;0
168;178;0
168;178;0
168;178;0
168;178;0
168;178;0
168;178;0
168;178;0
168;178;0
168;178;0
168;178;0
168;178;0
168;178;0
168;178;0
0;0;1
0;0;0
0;0;0
0;0;0
0;0;0
0;0;0
0;0;0
0;0;0
0;0;0
0;0;0
0;0;0
0;0;0
0;0;0
0;0;0
0;0;0
0;0;0
0;0;0
0;0;0
0;0;0
0;0;0
0;0;0
0;0;0
0;0;0
0;0;0
0;0;0
0;0;0
0;0;0
0;0;0
0;0;0
0;0;0
0;0;0
0;0;0
0;0;0
0;0;0
0;0;0
0;0;0
0;0;0
0;0;0
0;0;0
0;0;0
0;0;0
0;0;0
0;0;0
0;0;0
0;0;0
0;0;0
0;0;0
0;0;0
0;0;0
0;0;0
0;0;0
0;0;0
0;0;0
0;0;0
0;0;0
0;0;0
0;0;0
0;0;0
0;0;0
0;0;0
0;0;0
0;0;0
0;0;0
0;0;0
0;0;0
0;0;0
0;0;0
0;0;0
0;0;0
0;0;0
0;0;0
0;0;0
0;0;0
0;0;0
0;0;0
0;0;0
0;0;0
0;0;0
0;0;0
0;0;0
0;0;0
0;0;0
0;0;0
0;0;0
0;0;0
0;0;0
0;0;0
0;0;0
0;0;0
0;0;0
0;0;0
0;0;0
0;0;0
0;0;0
0;0;0
0;0;0
0;0;0
0;0;0
0;0;0
0;0;0
0;0;0
0;0;0
0;0;0
0;0;0
0;0;0
0;0;0
0;0;0
0;0;0
0;0;0
0;0;0
0;0;0
0;0;0
0;0;0
0;0;0
0;0;0
0;0;0
0;0;0
0;0;0
0;0;0
0;0;0
0;0;0
0;0;0
0;0;0
0;0;0
0;0;0
0;0;0
0;0;0
9;162;249
21;163;242
34;163;236
45;164;231
56;164;225
66;165;219
87;165;207
109;155;180
0;9;22
0;0;4
0;0;0
0;0;0
0;0;0
0;0;0
0;0;0
0;0;0
0;0;0
0;0;0
0;0;0
0;0;0
0;0;0
0;0;0
0;0;0
0;0;0
0;0;0
0;0;0
0;0;0
0;0;0
0;0;0
0;0;0
0;0;0
0;0;0
0;0;0
0;0;0
0;0;0
0;0;0
0;0;0
0;0;0
0;0;0
0;0;0
0;0;0
0;0;0
0;0;0
0;0;0
0;0;0
0;0;0
0;0;0
0;0;0
0;0;0
0;0;0
0;0;0
0;0;0
0;0;0
0;0;0
0;0;0
0;0;0
0;0;0
0;0;0
0;0;0
0;0;0
0;0;0
0;0;0
0;0;0
0;0;0
0;0;0
0;0;0
0;0;0
0;0;0
0;0;0
0;0;0
0;0;0
0;0;0
0;0;0
0;0;0
0;0;0
