195584
195584
195584
195584
195584
195584
195584
195584
195584
195584
195584
195584
195584
195584
195584
195584
195584
195584
195584
195584
195584
195584
195584
195584
195584
195584
195584
195584
195584
195584
195584
195584
195584
195584
195584
195584
195584
195584
195584
195584
195584
195584
195584
195584
195584
195584
195584
195584
195584
195584
195584
195584
195584
195584
195584
195584
195584
195584
195584
195584
195584
195584
195584
195584
195584
195584
195584
195584
195584
195584
195584
195584
195584
195584
195584
195584
195584
195584
195584
195584
195584
195584
195584
195584
195584
195584
195584
195584
195584
195584
195584
195584
195584
195584
195584
195584
195584
195584
195584
195584
195584
195584
195584
195584
195584
195584
195584
195584
195584
195584
195584
195584
195584
195584
195584
195584
195584
195584
195584
195584
195584
195584
195584
195584
195584
195584
195584
195584
194048
195584
194048
194048
195584
194048
194048
194048
194048
194048
195584
195584
195584
195584
195584
195584
195584
195584
195584
195584
195584
195584
195584
195584
195584
195584
195584
195584
195584
195584
195584
195584
195584
195584
195584
195584
195584
195584
195584
195584
195584
195584
194048
194048
194048
194048
194048
194048
194048
194048
194048
194048
194048
194048
194304
193280
190208
188160
182272
180480
172800
166144
155904
152320
138752
135936
132864
130560
126464
124672
122368
121088
120064
119040
118784
119296
118528
118272
118016
118016
118016
118016
118016
118016
118016
118016
117504
117504
117504
117504
117504
117504
117504
117504
117504
117504
117504
117504
117504
117504
117504
117504
117248
117248
117248
117248
117248
117248
117248
117248
117248
117248
117248
118272
117504
117248
117248
117248
117248
117248
117248
117248
117248
117248
117248
117248
117248
117248
117248
117504
117504
117248
117248
117248
117248
117248
117248
117248
117248
117248
117504
117248
117248
117248
117248
117248
117248
117248
117248
117248
117248
117248
117504
117504
117248
117248
117248
117248
117248
117248
117248
117248
117248
117248
117248
117248
117248
117248
117248
117248
117248
117248
117248
117248
117248
117248
117248
117248
117248
117248
117248
117248
117248
117248
117248
117248
117248
117248
117248
117248
117248
117248
117248
117248
117248
117248
117248
117248
117248
117248
117248
117248
117248
117248
117248
117248
117248
117248
117248
117248
117248
117248
117248
117248
117248
117248
117248
117248
117248
117248
117248
117248
117248
117248
117248
117248
117248
117248
117248
117248
117248
117248
117248
117248
117248
117248
117248
117248
117248
117248
117248
117248
117248
117248
117248
117248
117248
117248
117248
117248
117248
117248
117248
117248
117248
117248
117248
117248
117248
117248
117248
117248
117248
117248
117248
118272
118272
118272
118272
117248
117248
117248
117248
117248
117248
117248
117248
117248
117248
117248
118272
118528
118784
118784
120064
120832
122624
124160
126976
137216
143104
150528
158464
171264
171264
177152
186880
189440
191488
192256
192512
192512
192512
192512
192512
192512
192512
192512
192512
193280
192512
193280
193280
193280
193280
194048
194048
194048
194048
194048
194048
194048
194048
194048
194048
194048
194048
194048
194048
194048
195584
195584
195584
195584
195584
195584
195584
195584
195584
195584
195584
195584
195584
195584
195584
195584
195584
195584
195584
195584
195584
195584
195584
195584
194048
194048
194048
194048
194048
194048
194048
194048
194048
194048
194048
194048
194048
194048
194048
194048
194048
194048
194048
194048
194048
194048
194048
194048
194048
194048
194048
194048
194048
194048
194048
194048
193280
193280
193280
117248
117248
118272
117248
117248
117248
117248
117248
117248
117248
117248
117248
117248
117248
117248
117248
117248
117248
117248
117248
117248
117248
117248
117248
117248
117248
117248
117248
117248
117248
117248
117248
117248
117248
117248
117248
117248
117248
117248
117248
117248
117248
117248
117248
117248
117248
117248
117248
117248
117248
117248
117248
117248
117248
117248
117248
117248
117248
117248
117248
117248
117248
117248
117248
117248
117248
117248
117248
117248
117248
117248
117248
117248
117248
117248
