254,255,255
254,255,255
254,255,255
254,255,255
254,255,255
254,255,255
254,255,255
254,255,255
254,255,255
254,255,255
254,255,255
254,255,255
254,255,255
254,255,255
254,255,255
254,255,255
254,255,255
254,255,255
254,255,255
254,255,255
254,255,255
254,255,255
254,255,255
254,255,255
254,255,255
254,255,255
254,255,255
254,255,255
254,255,255
254,255,255
254,255,255
254,255,255
254,255,255
254,255,255
254,255,255
254,255,255
254,255,255
254,255,255
254,255,255
254,255,255
254,255,255
254,255,255
254,255,255
254,255,255
254,255,255
254,255,255
254,255,255
254,255,255
254,255,255
254,255,255
254,255,255
254,255,255
254,255,255
254,255,255
254,255,255
254,255,255
254,255,255
254,255,255
254,255,255
254,255,255
254,255,255
254,255,255
254,255,255
254,255,255
254,255,255
254,255,255
254,255,255
254,255,255
254,255,255
254,255,255
254,255,255
254,255,255
254,255,255
254,255,255
254,255,255
254,255,255
254,255,255
254,255,255
254,255,255
254,255,255
254,255,255
254,255,255
254,255,255
254,255,255
254,255,255
254,255,255
254,255,255
254,255,255
254,255,255
254,255,255
254,255,255
254,255,255
254,255,255
254,255,255
254,255,255
254,255,255
254,255,255
254,255,255
254,255,255
254,255,255
254,255,255
254,255,255
254,255,255
254,255,255
254,255,255
254,255,255
254,255,255
254,255,255
254,255,255
254,255,255
254,255,255
254,255,255
254,255,255
254,255,255
254,255,255
254,255,255
254,255,255
254,255,255
254,255,255
254,255,255
254,255,255
254,255,255
254,255,255
254,255,255
254,255,255
254,255,255
254,255,255
254,255,255
252,253,253
254,255,255
252,253,253
252,253,253
254,255,255
252,253,253
252,253,253
252,253,253
252,253,253
252,253,253
254,255,255
254,255,255
252,254,255
246,253,255
236,252,253
221,250,253
182,245,250
156,242,249
133,238,247
105,235,246
62,228,243
40,225,241
27,223,240
15,223,240
6,221,238
5,221,238
3,221,239
2,221,240
1,221,240
0,220,238
0,220,238
0,220,238
0,220,238
0,220,238
0,220,238
0,220,238
0,220,238
0,220,238
0,220,238
0,220,238
0,220,238
0,220,238
0,220,237
0,220,237
0,220,238
0,220,238
0,220,238
0,220,238
0,220,238
0,220,238
0,220,238
0,220,238
0,220,238
0,220,238
0,220,238
0,220,238
0,220,238
0,220,238
0,220,238
0,220,238
0,220,238
0,220,238
0,220,238
0,220,238
0,220,238
0,220,238
0,220,238
0,220,238
0,220,238
0,220,238
0,220,238
0,220,238
0,220,238
0,220,239
0,220,239
0,221,240
0,220,239
0,220,239
0,220,239
0,220,239
0,220,239
0,220,239
0,220,239
0,220,239
0,220,239
0,220,239
0,220,239
0,220,239
0,220,239
0,220,239
0,220,239
0,220,239
0,220,239
0,220,239
0,220,239
0,220,239
0,220,239
0,220,239
0,220,239
0,220,239
0,220,239
0,220,239
0,220,238
0,220,238
0,220,238
0,220,238
0,220,238
0,220,238
0,220,238
0,220,238
0,220,238
0,220,238
0,220,238
1,221,240
1,220,238
0,220,238
0,220,238
0,220,238
0,220,238
0,220,238
0,220,238
0,220,238
0,220,238
0,220,238
0,220,238
0,220,238
0,220,238
0,220,238
0,220,238
1,220,238
1,220,238
0,220,238
0,220,238
0,220,238
0,220,238
0,220,238
0,220,238
0,220,238
0,220,238
0,220,238
1,220,238
0,220,238
0,220,238
0,220,238
0,220,238
0,220,238
0,220,238
0,220,238
0,220,238
0,220,238
0,220,238
0,220,238
1,220,238
1,220,238
0,220,238
0,220,238
0,220,238
0,220,238
0,220,238
0,220,238
0,220,238
0,220,238
0,220,238
0,220,238
0,220,238
0,220,238
0,220,238
0,220,238
0,220,238
0,220,238
0,220,238
0,220,238
0,220,238
0,220,238
0,220,238
0,220,238
0,220,238
0,220,238
0,220,238
0,220,238
0,220,238
0,220,238
0,220,238
0,220,238
0,220,238
0,220,238
0,220,238
0,220,238
0,220,238
0,220,238
0,220,238
0,220,238
0,220,238
0,220,238
0,220,238
0,220,238
0,220,238
0,220,238
0,220,238
0,220,238
0,220,238
0,220,238
0,220,238
0,220,238
0,220,238
0,220,238
0,220,238
0,220,238
0,220,238
0,220,238
0,220,238
0,220,238
0,220,238
0,220,238
0,220,238
0,220,238
0,220,238
0,220,238
0,220,238
0,220,238
0,220,238
0,220,238
0,220,238
0,220,238
0,220,238
0,220,238
0,220,238
0,220,238
0,220,238
0,220,238
0,220,238
0,220,238
0,220,238
0,220,238
0,220,238
0,220,238
0,220,238
0,220,238
0,220,238
0,220,238
0,220,238
0,220,238
0,220,238
0,220,238
0,220,238
0,220,238
0,220,238
0,220,238
0,220,238
0,220,238
0,220,238
0,220,238
0,220,238
0,220,238
0,220,238
0,220,238
0,220,238
0,220,238
0,220,238
0,220,238
0,220,238
0,220,238
0,220,238
0,220,238
0,220,238
1,221,240
1,221,240
1,221,240
1,221,240
0,220,238
0,220,238
0,220,238
0,220,238
0,220,238
0,220,238
0,220,238
0,220,238
0,220,238
0,220,238
0,220,238
0,220,238
0,220,238
0,220,238
0,220,238
0,220,238
0,220,238
0,220,238
0,220,238
0,220,238
0,220,238
0,220,238
0,220,238
0,220,238
1,221,240
1,221,240
0,220,238
2,221,240
3,221,240
3,221,239
3,221,239
11,222,239
19,222,240
28,223,240
41,225,241
61,227,242
104,232,243
132,237,246
155,239,247
181,243,248
205,246,249
220,248,250
235,251,252
244,251,252
250,252,252
251,252,252
252,253,253
252,253,253
252,253,253
252,253,253
252,253,253
252,253,253
252,253,253
252,253,253
252,253,253
252,253,253
252,253,253
252,253,253
252,253,253
252,253,253
252,253,253
254,255,255
254,255,255
254,255,255
254,255,255
254,255,255
254,255,255
254,255,255
254,255,255
254,255,255
254,255,255
254,255,255
254,255,255
254,255,255
254,255,255
254,255,255
254,255,255
254,255,255
254,255,255
254,255,255
254,255,255
254,255,255
254,255,255
254,255,255
254,255,255
252,253,253
252,253,253
252,253,253
252,253,253
252,253,253
252,253,253
252,253,253
252,253,253
252,253,253
252,253,253
252,253,253
252,253,253
252,253,253
252,253,253
252,253,253
252,253,253
252,253,253
252,253,253
252,253,253
252,253,253
252,253,253
252,253,253
252,253,253
252,253,253
252,253,253
252,253,253
252,253,253
252,253,253
252,253,253
252,253,253
252,253,253
252,253,253
251,252,252
251,252,252
251,252,252
0,220,238
0,220,238
1,221,240
0,220,238
0,220,238
0,220,238
0,220,238
0,220,238
0,220,238
0,220,238
0,220,238
0,220,238
0,220,238
0,220,238
0,220,238
0,220,238
0,220,238
0,220,238
0,220,238
0,220,238
0,220,238
0,220,238
0,220,238
0,220,238
0,220,238
0,220,238
0,220,238
0,220,238
0,220,238
0,220,238
0,220,238
0,220,238
0,220,238
0,220,238
0,220,238
0,220,238
0,220,238
0,220,238
0,220,238
0,220,238
0,220,238
0,220,238
0,220,238
0,220,238
0,220,238
0,220,238
0,220,238
0,220,238
0,220,238
0,220,238
0,220,238
0,220,238
0,220,238
0,220,238
0,220,238
0,220,238
0,220,238
0,220,238
0,220,238
0,220,238
0,220,238
0,220,238
0,220,238
0,220,238
0,220,238
0,220,238
0,220,238
0,220,238
0,220,238
0,220,238
0,220,238
0,220,238
0,220,238
0,220,238
0,220,238
