254,255,255
254,255,255
254,255,255
254,255,255
254,255,255
254,255,255
254,255,255
254,255,255
254,255,255
254,255,255
254,255,255
254,255,255
254,255,255
254,255,255
254,255,255
254,255,255
254,255,255
254,255,255
254,255,255
252,255,255
247,254,254
233,252,254
221,250,253
206,249,252
164,242,249
142,240,249
119,236,247
96,233,245
55,228,243
38,225,241
26,223,240
11,222,239
5,221,239
3,221,240
2,221,240
1,220,238
1,220,238
0,220,238
0,220,238
0,220,238
0,220,238
0,220,238
0,220,238
0,220,238
0,220,238
0,220,238
0,220,238
0,220,238
0,220,238
0,220,238
0,220,238
0,220,239
0,219,239
0,220,239
0,220,238
0,220,238
0,220,238
0,220,238
0,220,238
0,220,238
0,220,238
0,220,238
0,220,238
0,220,238
0,220,238
0,220,238
1,220,237
1,220,238
1,220,238
0,220,238
0,220,238
0,220,238
0,220,238
0,220,238
0,220,238
0,220,238
0,220,238
0,220,238
0,220,238
0,220,238
0,220,238
0,220,238
1,219,239
1,219,239
0,220,239
0,220,238
0,220,238
0,220,238
0,220,238
0,220,238
0,220,238
0,220,238
0,220,238
0,220,238
0,220,238
0,220,238
0,220,238
0,220,238
0,220,238
0,220,238
0,220,238
0,220,238
0,220,238
0,220,238
0,220,238
0,220,238
0,220,238
0,220,238
12,221,239
30,224,241
59,229,243
113,235,247
140,239,248
166,242,249
192,246,250
239,253,254
249,255,255
254,255,255
254,255,255
254,255,255
254,255,255
254,255,255
254,255,255
254,255,255
254,255,255
254,255,255
254,255,255
254,255,255
0,220,238
0,220,238
0,220,238
0,220,238
0,220,238
0,220,238
0,220,238
0,220,238
0,220,238
0,220,238
0,220,238
0,220,238
0,220,238
0,220,238
0,220,238
0,220,238
0,220,238
0,220,238
0,220,238
0,220,238
0,220,238
0,220,238
0,220,238
0,220,238
0,220,238
0,220,238
0,220,238
0,220,238
0,220,238
0,220,238
0,220,238
0,220,238
0,220,238
0,220,238
0,220,238
0,220,238
0,220,238
0,220,238
0,220,238
0,220,238
0,220,238
0,220,238
0,220,238
0,220,238
0,220,238
0,220,238
0,220,238
0,220,238
0,220,238
0,220,238
0,220,238
0,220,238
0,220,238
0,220,238
0,220,238
0,220,238
0,220,238
0,220,238
0,220,238
0,220,238
0,220,238
0,220,238
0,220,238
0,220,238
0,220,238
0,220,238
0,220,238
0,220,238
0,220,238
0,220,238
0,220,238
0,220,238
0,220,238
0,220,239
0,220,239
0,220,239
0,220,239
0,220,239
0,220,239
0,220,239
0,220,239
0,220,239
0,220,239
0,220,239
0,220,239
0,220,239
0,220,239
0,220,239
0,220,239
0,220,239
0,220,239
0,220,239
0,220,239
0,220,239
0,220,239
0,220,239
0,220,239
0,220,239
0,220,239
0,220,239
0,220,239
0,220,239
0,220,238
0,220,238
0,220,238
0,220,238
0,220,238
0,220,238
0,220,238
0,220,238
0,220,238
0,220,238
0,220,238
0,220,238
0,220,238
0,220,238
0,220,238
0,220,238
0,220,238
0,220,238
0,220,238
0,220,238
0,220,238
0,220,238
0,220,238
0,220,238
0,220,238
0,220,238
0,220,238
0,220,238
0,220,238
0,220,238
0,220,238
0,220,238
0,220,238
0,220,238
0,220,238
0,220,238
0,220,238
0,220,238
0,220,238
0,220,238
0,220,238
0,220,238
0,220,238
0,220,238
0,220,238
0,220,238
0,220,238
0,220,238
0,220,238
0,220,238
0,220,238
0,220,238
0,220,238
0,220,238
0,220,238
0,220,238
0,220,238
0,220,238
0,220,238
0,220,238
0,220,238
0,220,238
0,220,238
0,220,238
0,220,238
0,220,238
0,220,238
0,220,238
0,220,238
0,220,238
0,220,238
0,220,238
0,220,238
0,220,238
0,220,238
0,220,238
0,220,238
0,220,238
0,220,238
0,220,238
0,220,238
0,220,238
0,220,238
0,220,238
0,220,238
0,220,238
0,220,238
0,220,238
0,220,238
0,220,238
0,220,238
0,220,238
0,220,238
0,220,238
0,220,238
0,220,238
0,220,238
0,220,238
0,220,238
0,220,238
0,220,238
0,220,238
0,220,238
0,220,238
0,220,238
0,220,238
0,220,238
0,220,238
0,220,238
0,220,238
0,220,238
0,220,238
0,220,238
0,220,238
0,220,238
0,220,238
0,220,238
0,220,238
0,220,238
0,220,238
0,220,238
0,220,238
0,220,238
0,220,238
0,220,238
0,220,238
0,220,238
0,220,238
0,220,238
0,220,238
0,220,238
0,220,238
0,220,238
0,220,238
0,220,238
0,220,238
0,220,238
0,220,238
0,220,238
0,220,238
0,220,238
0,220,238
0,220,238
0,220,238
0,220,238
0,220,238
0,220,238
0,220,238
0,220,238
0,220,238
0,220,238
0,220,238
0,220,238
0,220,238
0,220,238
0,220,238
0,220,238
0,220,238
0,220,238
0,220,238
0,220,238
0,220,238
0,220,238
0,220,238
0,220,238
0,220,238
0,220,238
0,220,238
0,220,238
0,220,238
0,220,238
0,220,238
0,220,238
0,220,238
0,220,238
0,220,238
0,220,238
0,220,238
0,220,238
0,220,238
0,220,238
0,220,238
0,220,238
0,220,238
0,220,238
0,220,238
0,220,238
0,220,238
0,220,238
0,220,238
0,220,238
0,220,238
0,220,238
0,220,238
0,220,238
0,220,238
0,220,238
0,220,238
0,220,238
0,220,238
0,220,238
0,220,238
0,220,238
0,220,238
0,220,238
0,220,238
0,220,238
0,220,238
0,220,238
0,220,238
0,220,238
0,220,238
0,220,238
0,220,238
0,220,238
0,220,238
0,220,238
0,220,238
0,220,238
0,220,238
1,220,238
1,220,238
2,219,238
0,220,238
0,220,238
0,220,238
0,220,238
0,220,238
0,220,238
0,220,238
0,220,238
0,220,238
0,220,238
0,220,238
0,220,238
0,220,238
0,220,238
1,221,240
0,220,238
0,220,238
0,220,238
0,220,238
0,220,238
0,220,238
0,220,237
0,220,238
0,220,239
1,219,239
1,219,239
1,220,238
0,220,238
0,220,238
1,221,240
1,221,240
2,221,240
3,221,240
3,221,240
5,221,239
9,222,239
23,223,241
33,224,242
62,228,243
80,231,244
101,234,245
149,240,247
169,242,248
204,248,251
219,249,251
232,251,252
246,253,253
250,254,253
254,255,255
252,253,253
252,253,253
252,253,253
252,253,253
252,253,253
252,253,253
252,253,253
252,253,253
252,253,253
252,253,253
252,253,253
252,253,253
251,252,252
251,252,252
251,252,252
0,220,238
1,220,238
1,220,238
0,220,238
0,220,238
0,220,238
0,220,238
0,220,238
0,220,238
0,220,238
0,220,238
0,220,238
0,220,238
0,220,238
0,220,238
0,220,238
0,220,238
0,220,238
0,220,238
0,220,238
0,220,238
0,220,238
0,220,238
0,220,238
0,220,238
0,220,238
0,220,238
0,220,238
0,220,238
0,220,238
0,220,238
0,220,238
0,220,238
0,220,238
0,220,238
0,220,238
0,220,238
0,220,238
0,220,238
0,220,238
0,220,238
0,220,238
0,220,238
0,220,238
0,220,238
0,220,238
0,220,238
0,220,238
0,220,238
0,220,238
0,220,238
0,220,238
0,220,238
0,220,238
0,220,238
0,220,238
0,220,238
0,220,238
0,220,238
0,220,238
0,220,238
0,220,238
0,220,238
0,220,238
0,220,238
0,220,238
0,220,238
0,220,238
0,220,238
0,220,238
0,220,238
0,220,238
0,220,238
0,220,238
0,220,238
