117248
117248
117248
117248
117248
117248
117248
117248
117248
117248
117248
117248
117248
117248
117248
117248
117248
117248
117248
117248
117248
117248
117248
117248
117248
117248
117248
117248
117248
117248
117248
117248
117248
117248
117248
117248
117248
117248
117248
117248
117248
117248
117248
117248
117248
117248
117248
117248
117248
117248
117248
117248
117248
117248
117248
117248
117248
117248
117248
117248
117248
117248
117248
117248
117248
117248
117248
117504
117504
117248
117248
117248
117248
117248
117248
117248
117248
117248
117248
117248
117248
117248
117248
117504
117504
117504
117248
117248
117248
117248
117248
117248
117248
117248
117248
117248
117248
117248
117248
117248
117248
117248
117248
117248
117248
117248
117248
117248
117248
117248
117504
117248
117248
117248
117248
117248
117248
117248
117248
117248
117248
117248
117248
117248
117248
117248
117248
117248
117248
117248
117248
117248
117248
117248
117248
117248
117248
117504
117504
117504
117248
117248
117248
117248
117248
117248
117248
117248
117248
117248
117248
117248
117248
117248
117248
117248
117248
117248
117248
117248
117248
117248
117248
117248
117248
117248
117248
117248
117248
117248
117248
117248
117248
117248
117248
117248
117248
117248
117248
117248
117248
117248
117248
117248
117248
117248
117248
117248
117248
117504
117248
117248
117248
117248
117248
117248
117248
117248
117248
117248
117248
117504
117504
117504
117504
117504
117504
117504
117504
117504
117504
117504
117504
117504
117504
117504
117504
117504
117504
117504
117504
117504
117504
117504
117504
117504
117504
117248
117504
117504
117248
117504
117504
117248
117248
117248
117248
117248
117248
117248
117248
117248
117248
117248
117248
117248
117248
117248
117248
117248
117248
117248
117248
117248
117248
117248
117248
117248
117248
117248
117248
117248
117248
117248
117248
117248
117248
117248
117248
117248
117248
117248
117248
117248
117248
117248
117248
117248
117248
117248
117248
117248
117248
117248
117248
117248
117248
117248
117248
117248
117248
117248
117248
117248
117248
117248
117248
117248
117248
117248
117248
117248
117248
117248
117248
117248
117248
117248
117248
117248
117248
117248
117248
117248
117248
117248
117248
117248
117248
117248
117248
117248
117248
117248
117248
117248
117248
117248
117248
117248
117248
117248
117248
117248
117248
117248
117248
117248
117248
117248
117248
117248
117248
117248
117248
117248
117248
117248
117248
117248
117248
117248
117248
117248
117248
117248
117248
117248
117248
117248
117248
117248
117248
117248
117248
117248
116480
113408
109568
97792
88576
77312
52992
40704
20736
13056
7936
1792
512
0
0
0
0
0
0
0
0
0
0
0
117248
117248
117248
116992
117248
117248
117248
117248
117248
117248
117248
117248
117248
117248
117248
117248
117248
117248
117248
117248
117504
117248
117248
117248
117248
117248
117248
117248
117248
117248
117248
117248
117248
117248
117248
117248
117248
117248
117248
117248
117248
117248
117248
117248
117248
117248
117248
117248
117248
117248
117248
117248
117248
117248
117248
117248
117248
117248
117248
117248
117248
117248
117248
117248
117248
117248
117248
117248
117248
117248
117248
117248
117248
117248
117248
117248
117248
117248
117248
117248
117248
117248
117248
117248
117248
117248
117504
117504
117504
117248
117248
117248
117248
117248
117248
117248
117248
117248
117248
117248
117248
117248
117248
117248
117248
117248
117248
117248
117248
117248
117248
116480
117248
117248
117248
117248
117248
117248
117248
117248
117248
117248
117248
117248
117248
117248
117248
117248
117248
117248
117248
117248
117248
117248
117248
117248
117248
117248
117248
117248
117248
117248
117248
117248
117248
117248
117248
117248
117248
117248
117248
117248
117248
117248
117248
117248
117248
117248
117248
117248
117248
117248
117248
117248
117248
117248
117248
117248
117248
117248
117248
117248
117248
117248
117248
117248
117248
117248
117248
117248
117248
117248
117248
117248
117248
117248
117248
117248
117248
117248
117248
117248
117248
117248
117248
117248
117248
117248
117248
117248
117248
117248
