117248
117248
117248
117248
117248
117248
117248
117248
117248
117248
117248
117248
117248
117248
117248
117248
117248
117248
117248
117248
117248
117248
117248
117248
117248
117248
117248
117248
117248
117248
117248
117248
117248
117248
117248
117248
117248
117248
117248
117248
117248
117248
117248
117248
117248
117248
117248
117248
117248
117248
117248
117248
117248
117248
117248
117248
117248
117248
117248
117248
117248
117248
117248
117248
117248
117248
117248
117504
117504
117248
117248
117248
117248
117248
117248
117248
117248
117248
117248
117248
117248
117248
117248
117504
117504
117504
117248
117248
117248
117248
117248
117248
117248
117248
117248
117248
117248
117248
117248
117248
117248
117248
117248
117248
117248
117248
117248
117248
117248
117248
117504
117248
117248
117248
117248
117248
117248
117248
117248
117248
117248
117248
117248
117248
117248
117248
117248
117248
117248
117248
117248
117248
117248
117248
117248
117248
117248
117504
117504
117504
117248
117248
117248
117248
117248
117248
117248
117248
117248
117248
117248
117248
117248
117248
117248
117248
117248
117248
117248
117248
117248
117248
117248
117248
117248
117248
117248
117248
117248
117248
117248
117248
117248
117248
117248
117248
117248
117248
117248
117248
117248
117248
117248
117248
117248
117248
117248
117248
117248
117504
117248
117248
117248
117248
117248
117248
117248
117248
117248
117248
117248
117504
117504
117504
117504
117504
117504
117504
117504
117504
117504
117504
117504
117504
117504
117504
117504
117504
117504
117504
117504
117504
117504
117504
117504
117504
117504
117248
117504
117504
117248
117504
117504
117248
117248
117248
117248
117248
117248
117248
117248
117248
117248
117248
117248
117248
117248
117248
117248
117248
117248
117248
117248
117248
117248
117248
117248
117248
117248
117248
117248
117248
117248
117248
117248
117248
117248
117248
117248
117248
117248
117248
117248
117248
117248
117248
117248
117248
117248
117248
117248
117248
117248
117248
117248
117248
117248
117248
117248
117248
117248
117248
117248
117248
117248
117248
117248
117248
117248
117248
117248
117248
117248
117248
117248
117248
117248
117248
117248
117248
117248
117248
117248
117248
117248
117248
117248
117248
117248
117248
117248
117248
117248
117248
117248
117248
117248
117248
117248
117248
117248
117248
117248
117248
117248
117248
117248
117248
117248
117248
117248
117248
117248
117248
117248
117248
117248
117248
117248
117248
117248
117248
117248
117248
117248
117248
117248
117248
117248
117248
117248
117248
117248
117248
117504
116224
114176
106496
98816
78080
66304
53760
29440
19456
6912
3840
1280
0
0
0
0
0
0
0
0
0
0
0
0
0
117248
117248
117248
116992
117248
117248
117248
117248
117248
117248
117248
117248
117248
117248
117248
117248
117248
117248
117248
117248
117504
117248
117248
117248
117248
117248
117248
117248
117248
117248
117248
117248
117248
117248
117248
117248
117248
117248
117248
117248
117248
117248
117248
117248
117248
117248
117248
117248
117248
117248
117248
117248
117248
117248
117248
117248
117248
117248
117248
117248
117248
117248
117248
117248
117248
117248
117248
117248
117248
117248
117248
117248
117248
117248
117248
117248
117248
117248
117248
117248
117248
117248
117248
117248
117248
117248
117504
117504
117504
117248
117248
117248
117248
117248
117248
117248
117248
117248
117248
117248
117248
117248
117248
117248
117248
117248
117248
117248
117248
117248
117248
116480
117248
117248
117248
117248
117248
117248
117248
117248
117248
117248
117248
117248
117248
117248
117248
117248
117248
117248
117248
117248
117248
117248
117248
117248
117248
117248
117248
117248
117248
117248
117248
117248
117248
117248
117248
117248
117248
117248
117248
117248
117248
117248
117248
117248
117248
117248
117248
117248
117248
117248
117248
117248
117248
117248
117248
117248
117248
117248
117248
117248
117248
117248
117248
117248
117248
117248
117248
117248
117248
117248
117248
117248
117248
117248
117248
117248
117248
117248
117248
117248
117248
117248
117248
117248
117248
117248
117248
117248
117248
117248
