117248
117248
117248
117248
117248
117248
117248
117248
117248
117248
117248
117248
117248
117248
117248
117248
117248
117248
117248
117248
117248
117248
117248
117248
117248
117248
117248
117248
117248
117248
117248
117248
117248
117248
117248
117248
117248
117248
117248
117248
117248
117248
117248
117248
117248
117248
117248
117248
117248
117248
117248
117248
117248
117248
117248
117248
117248
117248
117248
117248
117248
117248
117248
117248
117248
117248
117248
117248
117248
117248
117248
117248
117248
117248
117248
117248
117248
117248
117248
117248
117248
117248
117248
117248
117248
117248
117248
117248
117248
117248
117248
117248
117248
117248
117248
117248
117248
117248
117248
117248
117248
117248
117248
117248
117248
117248
117248
117248
117248
117248
117248
117248
117248
117248
117248
117248
117248
117248
117248
117248
117248
117248
117248
117248
117248
117248
117248
117248
117248
117248
117248
117248
117248
117248
117248
117248
117248
117248
117248
117248
117248
117248
117248
117248
117248
117248
117248
117248
117248
117248
117248
117248
117248
117248
117248
117248
117248
117248
117248
117248
117248
117248
117248
117248
117248
117248
117248
117248
117248
117248
117248
117248
117248
117248
117248
117248
117248
117248
117248
117248
117248
117248
117248
117248
117248
117248
117248
117248
117248
117248
117248
117248
117248
117248
117248
117248
117248
117248
117248
117248
117248
117504
117504
117504
117504
117504
117504
117504
117504
117504
117504
117504
117504
117504
117504
117504
117504
117504
117504
117504
117504
117504
117504
117504
117504
117504
117504
117504
117504
117504
117248
117248
117248
117248
117248
117248
117248
117248
117248
117248
117248
117248
117248
117248
117248
117248
117248
117248
117248
117248
117248
117248
117248
117248
117248
117248
117248
117248
117248
117248
117248
117248
117248
117504
117248
117248
117248
117248
117248
117248
117248
117248
117248
117248
117248
117248
117248
117248
117248
117248
117248
117248
117248
116992
120832
120832
107520
107008
107008
107008
107008
107008
107008
107008
107008
107008
107008
107008
107008
107008
107008
107008
107008
107008
107008
107008
107008
107008
107008
107008
107008
107008
107008
107008
107008
107008
107008
107008
107008
107008
107008
107008
107008
107008
107008
107008
107008
107008
107008
107008
107008
107008
107008
107008
107008
107008
107008
107008
107008
107008
107008
107008
107008
107008
107008
107008
107008
107008
107008
107520
108288
108288
109568
110080
111104
111872
112128
113408
113664
114688
115968
115968
118016
117248
117248
117248
117248
117248
117248
117248
117248
117248
117248
117248
117248
117248
117248
117248
117248
115968
111616
107264
91392
81152
68352
43264
31232
13568
7424
1536
118272
117248
117248
117248
117248
117248
117248
117248
117248
117248
117248
117248
117248
117248
117248
117248
117248
117248
117248
117248
117248
117248
117248
117248
117248
117248
117248
117248
117248
117248
117248
117248
117248
117248
117248
117504
117504
117248
117248
117248
117248
117248
117248
117248
117248
117248
117248
117248
117248
117248
117248
117248
117248
117248
117248
117248
117248
117248
117248
117248
117248
117248
117248
117248
117248
117248
117248
117248
117248
117248
117248
117248
117248
117248
117248
117248
117248
117248
118272
117248
117248
117248
117248
117248
117248
117248
117248
117248
117248
117248
117248
117248
117248
117248
117248
117248
117248
117248
117248
117248
117248
117248
117248
117248
117248
117248
117248
117248
117248
117248
117248
117248
117248
117248
117248
117248
117248
117248
117248
117248
117248
117248
117248
117248
117248
117248
117248
107008
107008
107008
107008
107008
107008
107008
107008
107008
107008
107008
107008
107008
107008
107008
107008
107008
107008
107008
107008
107008
107008
107008
107008
107008
107008
107008
107008
107008
107008
107008
107008
107008
107008
107008
107008
107008
107008
107008
107008
107008
107008
107008
107008
107008
107008
107008
107008
107008
107008
107008
107008
107008
107008
107008
107008
107008
107008
107008
107008
107008
107008
107008
107008
107008
107008
107008
107008
107008
107008
107008
107008
107008
107008
107008
