0,220,238
0,220,238
0,220,238
0,220,238
0,220,238
0,220,238
0,220,238
0,220,238
0,220,238
0,220,238
0,220,238
0,220,238
0,220,238
0,220,238
0,220,238
0,220,238
0,220,238
0,220,238
0,220,238
0,220,238
0,220,238
0,220,238
0,220,238
0,220,238
0,220,238
0,220,238
0,220,238
0,220,238
0,220,238
0,220,238
0,220,238
0,220,238
0,220,238
0,220,238
0,220,238
0,220,238
0,220,238
0,220,238
0,220,238
0,220,238
0,220,238
0,220,238
0,220,238
0,220,238
0,220,238
0,220,238
0,220,238
0,220,238
0,220,238
0,220,238
0,220,238
0,220,238
0,220,238
0,220,238
0,220,238
0,220,238
0,220,238
0,220,238
0,220,238
0,220,238
0,220,238
0,220,238
0,220,238
0,220,238
0,220,238
0,220,238
0,220,238
0,220,238
0,220,238
0,220,238
0,220,238
0,220,238
0,220,238
0,220,238
0,220,238
0,220,238
0,220,238
0,220,238
0,220,238
0,220,238
0,220,238
0,220,238
0,220,238
0,220,238
0,220,238
0,220,238
0,220,238
0,220,238
0,220,238
0,220,238
0,220,238
0,220,238
0,220,238
0,220,238
0,220,238
0,220,238
0,220,238
0,220,238
0,220,238
0,220,238
0,220,238
0,220,238
0,220,238
0,220,238
0,220,238
0,220,238
0,220,238
0,220,238
0,220,238
0,220,238
0,220,238
0,220,238
0,220,238
0,220,238
0,220,238
0,220,238
0,220,238
0,220,238
0,220,238
0,220,238
0,220,238
0,220,238
0,220,238
0,220,238
0,220,238
0,220,238
0,220,238
0,220,238
0,220,238
0,220,238
0,220,238
0,220,238
0,220,238
0,220,238
0,220,238
0,220,238
0,220,238
0,220,238
0,220,238
0,220,238
0,220,239
0,220,239
0,220,238
0,220,238
0,220,238
0,220,238
0,220,238
0,220,238
0,220,238
0,220,238
0,220,238
0,220,238
0,220,238
0,220,238
0,220,238
0,220,238
0,220,238
0,220,238
0,220,238
0,220,238
0,220,238
0,220,238
0,220,238
0,220,238
0,220,238
0,220,238
0,220,238
0,220,238
0,220,238
0,220,238
0,220,238
0,220,238
0,220,238
0,220,238
0,220,238
0,220,238
0,220,238
0,220,238
0,220,238
0,220,238
0,220,238
0,220,238
0,220,238
0,220,238
0,220,238
0,220,238
0,220,238
0,220,238
0,220,238
0,220,238
0,220,238
0,220,238
0,220,238
0,220,238
0,220,238
0,220,238
0,220,238
0,220,238
0,220,238
0,220,238
0,220,238
0,220,239
0,220,239
0,220,239
0,220,239
0,220,239
0,220,239
0,220,239
0,220,239
0,220,239
0,220,239
0,220,239
0,220,239
0,220,239
0,220,239
0,220,239
0,220,239
0,220,239
0,220,239
0,220,239
0,220,239
0,220,239
0,220,239
0,220,239
0,220,239
0,220,239
0,220,239
0,220,239
0,220,239
0,220,239
0,220,238
0,220,238
0,220,239
0,219,239
0,219,240
0,218,240
1,216,241
0,214,241
1,207,242
1,201,245
0,196,246
0,185,247
1,180,252
0,173,253
0,165,252
0,165,254
0,163,255
0,163,255
0,163,255
0,163,255
0,163,255
0,163,255
0,163,255
0,163,255
0,163,255
0,163,255
0,163,255
0,163,255
0,163,255
0,163,255
0,163,255
0,163,255
0,163,255
0,163,255
0,163,255
0,163,255
0,163,255
0,163,255
0,163,255
0,163,255
0,163,255
0,163,255
0,163,255
0,163,255
0,163,255
0,163,255
0,163,255
0,163,255
0,163,255
0,163,255
0,163,255
0,163,255
0,163,255
0,163,255
0,163,255
0,163,255
0,163,255
0,163,255
0,163,255
0,163,255
0,163,255
0,163,255
0,163,255
0,163,255
0,163,255
0,163,255
0,163,255
0,163,255
0,163,255
0,163,255
0,163,255
0,163,255
0,163,255
0,163,255
0,163,255
0,163,255
0,163,255
0,163,255
0,163,255
0,163,255
0,163,255
0,163,255
0,163,255
0,163,255
0,163,255
0,163,255
0,163,255
0,163,255
0,163,255
0,163,255
0,163,255
0,163,255
0,163,255
0,163,255
0,163,255
0,163,255
0,163,255
0,163,255
0,163,255
0,163,255
0,163,255
0,163,255
0,163,255
0,163,255
0,163,255
0,163,255
0,163,255
0,163,255
0,163,255
0,163,255
0,163,255
0,163,255
0,163,255
0,163,255
0,163,255
0,163,255
0,163,255
0,163,255
0,163,255
0,163,255
0,163,255
0,163,255
0,163,255
0,163,255
0,163,255
0,163,255
0,163,255
0,163,255
0,163,255
0,163,255
0,163,255
0,163,255
0,163,255
0,163,255
0,163,255
0,163,255
0,163,255
0,163,255
0,163,255
0,163,255
0,163,255
0,163,255
0,163,255
0,163,255
0,163,255
0,163,255
0,163,255
0,163,255
0,163,255
0,163,255
0,163,255
0,163,255
0,163,255
0,163,255
0,163,255
0,163,255
0,163,255
0,163,255
0,163,255
0,163,255
2,219,241
0,220,237
0,220,238
0,220,238
0,220,238
0,220,238
0,220,238
0,220,238
0,220,238
0,220,238
0,220,238
0,220,238
0,220,238
0,220,238
0,220,238
0,220,238
0,220,238
0,220,238
0,220,238
0,220,238
0,220,238
0,220,238
0,220,238
0,220,238
0,220,238
0,220,238
0,220,238
0,220,238
0,220,238
0,220,238
0,220,238
0,220,238
0,220,238
0,220,238
0,220,238
1,220,238
1,220,238
0,220,238
0,220,238
0,220,238
0,220,238
0,220,238
0,220,238
0,220,238
0,220,238
0,220,238
0,220,238
0,220,238
0,220,238
0,220,238
0,220,238
0,220,238
0,220,238
0,220,238
0,220,238
0,220,238
0,220,238
0,220,238
0,220,238
0,220,238
0,220,238
0,220,238
0,220,238
0,220,238
0,220,238
0,220,238
0,220,238
0,220,238
0,220,238
0,220,238
0,220,238
0,220,238
0,220,238
0,220,238
0,220,238
0,220,238
0,220,238
0,220,238
1,221,240
0,220,238
0,220,238
0,220,238
0,220,238
0,220,238
0,220,238
0,220,238
0,220,238
0,220,238
0,220,238
0,220,238
0,220,238
0,220,238
0,220,238
0,220,238
0,220,238
0,220,238
0,220,238
0,220,238
0,220,238
0,220,238
0,220,238
0,220,238
0,220,238
0,220,238
0,220,238
0,220,238
0,220,238
0,220,238
0,220,238
0,220,238
0,220,238
0,220,238
0,220,238
0,220,238
0,220,238
0,220,238
0,220,238
0,220,238
0,220,238
0,220,238
0,220,238
0,220,238
0,220,238
0,220,238
0,220,238
0,220,238
0,220,238
0,163,255
0,163,255
0,163,255
0,163,255
0,163,255
0,163,255
0,163,255
0,163,255
0,163,255
0,163,255
0,163,255
0,163,255
0,163,255
0,163,255
0,163,255
0,163,255
0,163,255
0,163,255
0,163,255
0,163,255
0,163,255
0,163,255
0,163,255
0,163,255
0,163,255
0,163,255
0,163,255
0,163,255
0,163,255
0,163,255
0,163,255
0,163,255
0,163,255
0,163,255
0,163,255
0,163,255
0,163,255
0,163,255
0,163,255
0,163,255
0,163,255
0,163,255
0,163,255
0,163,255
0,163,255
0,163,255
0,163,255
0,163,255
0,163,255
0,163,255
0,163,255
0,163,255
0,163,255
0,163,255
0,163,255
0,163,255
0,163,255
0,163,255
0,163,255
0,163,255
0,163,255
0,163,255
0,163,255
0,163,255
0,163,255
0,163,255
0,163,255
0,163,255
0,163,255
0,163,255
0,163,255
0,163,255
0,163,255
0,163,255
0,163,255
