117248
117248
117248
117248
117248
117248
117248
117248
117248
117248
117248
117248
117248
117248
117248
117248
117248
117248
117248
117248
117248
117248
117248
117248
117248
117248
117248
117248
117248
117248
117248
117248
117248
117248
117248
117248
117248
117248
117248
117248
117248
117248
117248
117248
117248
117248
116992
116480
116736
116224
113664
112640
111360
109568
108032
107264
106240
107008
114688
115968
109824
108032
107264
106496
106752
106752
106752
107008
107008
106496
107776
109056
110336
112640
115456
116992
117504
117504
117504
117504
117248
117248
117248
117248
117248
117248
117248
117248
117248
117248
117248
117248
117248
117248
117248
117248
117248
117248
117248
117248
117248
117248
117248
117248
117248
117248
117248
117248
117248
117248
117248
117248
117248
117248
117248
117248
117248
117248
117248
117248
117248
117248
117248
117248
117248
117248
117248
117248
107008
107008
107008
107008
107008
107008
107008
106752
106752
106752
107008
107008
107008
107008
107008
107008
107008
107008
107008
107008
107008
107008
107008
107008
107008
107008
107008
107008
107008
107008
107008
107008
107008
107008
107008
107008
107008
107008
107008
107008
107008
107008
107008
107008
107008
107008
107008
107008
107008
107008
107008
107008
107008
107008
107008
107008
107008
107008
107008
107008
107008
107008
107008
107008
107008
107008
107008
107008
107008
107008
107008
107008
107008
107008
107008
107008
107008
107008
107008
107008
107008
107008
107008
107008
107008
107008
107008
107008
107008
107008
107008
107008
107008
107008
107008
107008
107008
107008
107008
107008
107008
107008
107008
107008
107008
107008
107008
107008
107008
107008
107008
107008
107008
107008
107008
107008
107008
107008
107008
107008
107008
107008
107008
107008
107008
107008
107008
107008
107008
107008
107008
107008
107008
107008
107008
107008
107008
107008
107008
107008
107008
107008
107008
107008
107008
107008
107008
107008
107008
107008
107008
107008
107008
107008
107008
107008
107008
107008
107008
107008
107008
107008
107008
107008
107008
107008
107008
107008
107008
107008
107008
107008
107008
107008
107008
107008
107008
107008
107008
107008
107008
107008
107008
107008
107008
107008
107008
107008
107008
107008
107008
107008
107008
107008
107008
107008
107008
107008
107008
107008
107008
107008
107008
107008
107008
107008
107008
107008
107008
107008
107008
107008
107008
107008
107008
107008
107008
107008
107008
107008
107008
107008
107008
107008
107008
107008
107008
107008
107008
107008
107008
107008
107008
107008
107008
107008
107008
107008
107008
107008
107008
107008
107008
107008
107008
107008
107008
107008
107008
107008
107008
107008
107008
107008
107008
107008
107008
107008
107008
107008
107008
107008
107008
107008
107008
107008
107008
107008
107008
107008
107008
107008
107008
107008
107008
107008
107008
107008
107008
107008
107008
107008
107008
107008
107008
107008
107008
107008
107008
107008
107008
107008
107008
107008
107008
107008
107008
107008
107008
107008
107008
107008
107008
107008
107008
107008
107008
107008
107008
107008
107008
107008
106752
106752
107008
107008
107008
107008
107008
107008
107008
107008
107008
107008
107008
107008
106752
107008
106752
108288
108032
107776
108800
109312
109056
110336
110592
111104
111104
111616
112128
113408
113920
115200
115456
116224
116992
116992
117504
117248
117248
117248
117248
117248
117248
117248
117248
117248
117248
117248
117248
117248
117248
117248
117248
117248
117248
117248
117248
117248
117248
117248
117248
117248
117248
117248
117248
117248
117248
117248
117248
117248
117248
117248
117248
117248
117248
117248
117248
107008
107008
107008
107008
107008
107008
107008
107008
107008
107008
107008
107008
107008
107008
107008
107008
107008
107008
107008
107008
107008
107008
107008
107008
107008
107008
107008
107008
107008
107008
107008
107008
107008
107008
107008
107008
107008
107008
107008
107008
107008
107008
107008
107008
107008
107008
107008
107008
107008
107008
107008
107008
107008
107008
107008
107008
107008
107008
107008
107008
107008
107008
107008
107008
107008
107008
107008
107008
107008
107008
107008
107008
107008
107008
107008
