88320
88576
88576
88576
88576
88576
88576
88576
88576
88576
88576
89600
90112
88576
88576
90368
93952
99584
108544
113664
118528
126976
128512
128512
128256
128256
128256
128256
128256
128256
128256
127232
128256
129536
128256
128256
128256
128256
128256
128256
128256
128256
128256
128256
128256
128256
128256
128256
127232
128256
128256
128256
128256
128256
128256
128256
128256
128000
128256
128256
127488
126720
124928
119296
116736
114688
110080
108032
106752
107008
107008
107008
107008
107008
107008
107008
107008
107008
107008
107008
107008
107008
107008
107008
107008
107008
107008
107008
107008
107008
107008
107008
107008
107008
106752
107776
108800
109568
112384
113664
114944
116992
117248
117504
117248
117504
117504
117248
117504
117504
117504
117504
117504
117248
117504
117248
117248
116992
117248
117248
117248
117248
117504
121600
27136
1280
0
0
0
0
0
0
0
0
0
0
0
0
0
0
0
0
0
0
0
0
0
0
0
0
0
0
0
0
0
0
0
0
0
0
0
0
0
0
0
0
0
0
0
0
0
0
0
0
0
0
0
0
0
0
0
0
0
0
0
0
0
0
0
0
0
0
0
0
0
0
0
0
0
0
0
0
0
0
0
0
0
0
0
0
0
0
0
0
0
0
0
0
0
0
0
0
0
0
0
0
0
0
0
0
0
0
0
0
0
0
0
0
0
0
0
0
0
0
0
0
0
0
0
0
0
0
0
0
0
0
0
0
0
0
0
0
0
0
0
0
0
0
0
0
0
0
0
0
0
0
0
0
0
0
0
0
0
512
23040
23040
92160
89088
89088
88576
88576
88576
88576
92672
95744
97536
99328
105216
107520
113920
116992
118784
124672
126720
128000
128256
128256
128256
128256
128256
128256
128256
128256
128256
128256
128256
128256
128256
128256
128256
128256
128256
128256
128256
128256
128256
128256
128256
128256
128256
128256
128256
128256
128256
128256
128256
128256
128256
128256
128256
128256
128256
128256
128256
128000
128256
128000
126464
124928
121856
119808
119296
115712
113920
111104
110848
108544
107264
107008
107008
107008
107008
107008
107008
107008
107008
107008
107008
107008
107008
107008
107008
107008
107008
107008
107008
107008
107008
107008
107008
107008
107008
107008
107008
107008
107008
107008
107008
107008
106752
0
0
0
0
0
0
0
0
0
0
0
0
0
0
0
0
0
0
0
0
0
0
0
0
0
0
0
0
0
0
0
0
0
0
0
0
0
0
0
0
0
0
0
0
0
0
0
0
0
0
0
0
0
0
0
0
0
0
0
0
0
0
0
0
0
0
0
0
0
0
0
0
0
0
0
0
0
0
0
0
0
0
0
0
0
0
0
0
0
0
0
0
0
0
0
0
0
0
0
0
0
0
0
0
0
0
0
0
0
0
0
0
0
0
0
0
0
0
0
0
0
0
0
0
0
0
0
88576
88576
88576
88576
88576
88576
88576
88576
88576
88576
88576
88576
88576
88576
88576
88576
88320
88064
88832
90880
96000
97024
99072
101888
103680
106240
108032
109824
111616
112896
115456
117504
117504
117248
117248
117248
117248
117248
117248
117248
117248
117248
117248
117248
117248
117248
117248
117248
117248
117248
117248
117248
117248
117248
117248
117248
117248
117248
117248
117248
117248
117248
117248
117248
119808
125696
60672
2048
0
0
0
0
0
0
0
