0;163;255
0;163;255
0;163;255
0;163;255
0;163;255
0;163;255
0;163;255
0;163;255
0;163;254
0;163;254
0;163;254
0;163;255
0;163;255
0;163;255
0;163;255
0;163;255
0;163;255
0;163;255
0;163;255
0;163;255
0;162;255
0;162;255
28;164;241
98;165;205
160;167;171
169;168;165
168;168;165
168;168;165
168;168;165
168;168;165
168;168;165
168;168;165
168;168;165
168;168;165
168;168;165
168;168;165
168;168;165
168;168;165
168;168;165
168;168;165
168;168;165
168;168;165
168;168;165
168;168;165
168;168;165
168;168;165
168;168;165
168;168;165
168;168;165
168;168;165
168;168;165
168;168;165
168;168;165
168;168;165
168;168;165
168;168;165
168;168;165
168;168;165
168;168;165
168;168;165
168;168;165
168;168;165
168;168;165
168;168;165
168;168;165
168;168;165
168;168;165
168;168;165
168;168;165
168;168;165
168;168;165
168;168;165
168;168;165
168;168;165
168;168;165
168;168;165
168;168;165
168;168;165
168;168;165
168;168;165
168;168;165
168;168;165
168;168;165
168;168;165
168;168;165
168;168;165
168;168;165
168;168;165
168;168;165
168;168;165
168;168;165
168;168;165
168;168;165
168;168;165
168;168;165
168;168;165
168;168;165
168;168;165
168;168;165
168;168;165
168;168;165
168;168;165
168;168;165
168;168;165
168;168;165
168;168;165
168;168;165
168;168;165
168;168;165
168;168;165
168;168;165
168;168;165
168;168;165
168;168;165
168;168;165
168;168;165
168;168;165
168;168;165
168;168;165
168;168;165
168;168;165
168;168;165
168;168;165
168;168;165
168;168;165
168;168;165
168;168;165
168;168;165
169;168;165
169;168;165
168;168;165
168;168;165
168;168;165
168;168;165
168;168;165
168;168;165
168;168;165
168;168;165
168;168;165
168;168;165
168;168;165
167;168;165
167;168;166
168;167;166
168;168;166
168;168;165
168;168;165
168;168;165
168;168;165
168;168;165
168;168;165
168;168;165
168;168;165
168;168;165
168;168;165
168;167;166
168;167;166
168;167;166
168;168;165
168;168;165
168;168;165
168;168;165
168;168;165
168;168;165
168;168;165
168;168;165
162;167;169
133;167;186
115;166;195
94;165;205
72;164;216
52;164;228
33;163;238
5;163;252
0;163;255
0;163;255
0;163;255
0;163;255
0;163;255
0;163;255
0;163;255
0;163;255
0;163;255
0;163;255
0;163;255
0;163;255
0;163;255
0;163;255
0;163;255
0;163;255
0;163;255
0;163;255
0;163;255
0;163;255
0;163;255
0;163;255
0;163;255
0;163;255
0;163;255
0;163;255
0;163;255
0;163;255
0;163;255
0;163;255
0;163;255
0;163;255
0;163;255
0;163;255
0;163;255
0;163;255
0;163;255
0;163;255
0;163;255
0;163;255
0;163;255
0;163;255
0;163;255
0;163;255
0;163;255
0;163;255
0;163;255
0;163;255
0;163;255
0;163;255
0;163;255
0;163;255
0;163;255
0;163;255
0;163;255
0;163;255
0;163;255
0;163;255
0;163;255
0;163;255
0;163;255
0;163;255
0;163;255
0;163;255
0;163;255
0;163;255
0;163;255
0;163;255
0;163;255
0;163;255
0;163;255
0;163;255
0;163;255
0;163;255
0;163;255
0;163;255
0;163;255
0;163;255
0;163;255
0;163;255
0;163;255
0;163;255
0;163;255
0;163;255
0;163;255
0;163;255
0;163;255
0;163;255
0;163;255
0;163;255
0;163;255
0;163;255
0;163;255
0;163;255
0;163;255
0;163;255
0;163;255
0;163;255
0;163;255
0;163;254
0;163;255
0;163;255
0;163;255
0;163;255
0;163;255
0;163;255
0;163;255
0;163;255
0;163;255
0;163;255
0;163;255
0;163;255
0;163;255
0;163;255
0;163;255
0;163;255
0;163;255
0;163;255
0;163;255
0;163;255
0;163;255
0;163;255
0;163;255
0;163;255
0;163;255
0;163;255
0;163;255
0;163;255
0;163;255
0;163;255
0;163;255
0;163;255
0;163;255
0;163;255
0;163;255
0;163;255
0;163;255
0;163;255
0;163;255
0;163;255
0;163;255
0;163;255
0;163;255
0;163;255
0;163;255
0;163;255
0;163;255
0;163;255
0;163;255
0;163;255
0;163;255
0;163;255
0;163;255
0;163;255
0;163;255
0;163;255
0;163;255
0;163;255
0;163;255
0;163;255
0;163;255
0;163;255
0;163;255
0;163;255
0;163;255
0;163;255
0;163;255
0;163;255
0;163;255
0;163;255
0;163;255
0;163;255
0;163;255
0;163;255
0;163;255
0;163;255
0;163;255
0;163;255
0;163;255
0;163;255
0;163;255
0;163;255
0;163;255
0;163;255
0;163;255
0;163;255
0;163;255
0;163;255
0;163;255
0;163;255
0;163;255
0;163;255
0;163;255
0;163;255
0;163;255
0;163;255
0;163;255
0;163;255
0;163;255
0;163;255
0;163;255
0;163;255
0;163;255
0;163;255
0;163;255
0;163;255
0;163;255
0;163;255
0;163;255
0;163;255
0;163;255
0;163;255
0;163;255
0;163;255
0;163;255
0;163;255
0;163;255
0;163;255
0;163;255
0;163;255
0;163;255
0;163;255
0;163;255
0;163;255
0;163;255
0;163;255
0;163;255
0;163;255
0;163;255
0;162;254
0;163;255
0;163;255
0;163;255
0;163;255
0;163;255
0;163;255
0;163;255
0;163;255
0;163;255
0;163;255
0;163;255
0;163;255
0;163;255
0;163;255
0;163;255
0;163;255
0;163;255
0;163;255
0;163;255
0;163;255
0;163;255
0;163;255
0;163;255
0;163;255
0;163;255
0;163;255
0;163;255
0;163;255
0;163;255
0;163;255
0;163;255
0;163;255
0;163;255
0;163;255
0;163;255
0;163;255
0;163;255
0;163;255
0;163;255
0;163;255
0;163;255
0;163;255
0;163;255
0;163;255
0;163;255
0;163;255
0;163;255
0;163;255
0;163;255
0;163;255
0;163;255
0;163;255
0;163;255
0;163;255
0;163;255
0;163;255
0;163;255
0;163;255
0;163;255
0;163;255
0;163;255
0;163;255
0;163;255
0;163;255
0;163;255
0;163;255
0;163;255
0;163;255
0;163;255
0;163;255
0;163;255
0;163;255
0;163;255
0;163;255
0;163;255
0;163;255
0;163;255
0;163;255
0;163;255
0;163;255
0;163;255
0;163;255
0;163;255
0;163;255
0;163;255
0;163;255
0;163;255
0;163;255
0;163;255
0;163;255
0;163;255
0;163;255
0;163;255
0;163;255
0;163;255
0;163;255
0;163;255
0;163;255
0;163;255
0;163;255
0;163;255
0;163;255
0;163;255
0;163;255
0;163;255
0;163;255
0;163;255
0;163;255
0;163;255
0;163;255
0;163;255
0;163;255
0;163;255
0;163;255
0;163;255
0;163;255
0;163;255
0;163;255
0;163;255
0;163;255
0;163;255
0;163;255
0;163;255
0;163;255
0;163;255
0;163;255
0;163;255
0;163;255
0;163;255
0;163;255
0;163;255
0;163;255
0;163;255
0;163;255
0;163;255
0;163;255
0;163;255
0;163;255
0;163;255
0;163;255
0;163;255
0;163;255
0;163;255
0;163;255
0;163;255
0;163;255
0;163;255
0;163;255
0;163;255
0;163;255
0;163;255
0;163;255
0;163;255
0;163;255
0;163;255
0;163;255
0;163;255
0;163;255
0;163;255
0;163;255
0;163;255
0;163;255
0;163;255
0;163;255
0;163;255
0;163;255
0;163;255
0;163;255
0;163;255
0;163;255
0;163;255
0;163;255
0;163;255
0;163;255
0;163;255
0;163;255
0;163;255
0;163;255
0;163;255
0;163;255
0;163;255
0;163;255
0;163;255
0;163;255
0;163;255
0;163;255
0;163;255
0;163;255
