168;168;165
168;168;165
168;168;165
168;168;165
168;168;165
168;168;165
168;168;165
168;168;165
168;168;165
168;168;165
168;168;165
168;168;165
168;168;165
168;168;165
168;168;165
168;168;165
168;168;165
168;168;165
168;168;165
168;168;165
168;168;165
168;168;165
168;168;165
168;168;165
168;168;165
168;168;165
168;168;165
168;168;165
168;168;165
168;168;165
168;168;165
168;168;165
168;168;165
168;168;165
168;168;165
168;168;165
168;168;165
168;168;165
168;168;165
168;168;165
168;168;165
168;168;165
168;168;165
168;168;165
168;168;165
168;168;165
168;168;165
168;168;165
168;168;165
168;168;165
168;168;165
168;168;165
168;168;165
168;168;165
168;168;165
168;168;165
168;168;165
168;168;165
168;168;165
168;168;165
168;168;165
168;168;165
168;168;165
168;168;165
168;168;165
168;168;165
168;168;165
168;168;165
168;168;165
168;168;165
168;168;165
168;168;165
168;168;165
168;168;165
168;168;165
168;168;165
168;168;165
168;168;165
168;168;165
168;168;165
168;168;165
168;168;165
168;168;165
168;168;165
168;168;165
168;168;165
168;168;165
168;168;165
168;168;165
168;168;165
168;168;165
168;168;165
168;168;165
168;168;165
168;168;165
168;168;165
168;168;165
168;168;165
168;168;165
168;168;165
168;168;165
168;168;165
168;168;165
168;168;165
168;168;165
168;168;165
168;168;165
168;168;165
168;168;165
168;168;165
168;168;165
168;168;165
168;168;165
168;168;165
168;168;165
168;168;165
168;168;165
168;168;165
168;168;165
168;168;165
168;168;165
168;168;165
168;168;165
168;168;165
168;168;165
168;168;165
168;168;165
168;168;165
169;168;165
169;168;165
168;168;165
168;168;165
168;168;165
168;168;165
168;168;165
168;168;165
168;168;165
168;168;165
168;168;165
168;168;165
168;168;165
168;168;165
168;168;165
168;168;165
168;168;165
168;168;165
168;168;165
168;168;165
168;168;165
168;168;165
168;168;165
168;168;165
168;168;165
168;168;165
168;168;165
168;168;165
168;168;165
168;168;165
168;168;165
168;168;165
168;168;165
168;168;165
168;168;165
168;168;165
168;168;165
168;168;165
168;168;165
168;168;165
168;168;165
168;168;165
168;168;165
168;168;165
168;168;165
168;168;165
168;168;165
168;168;165
168;168;165
168;168;165
168;168;165
168;168;165
168;168;165
168;168;165
168;168;165
168;168;165
168;168;165
168;168;165
168;168;165
168;168;165
168;168;165
168;168;165
168;168;165
168;168;165
168;168;165
168;168;165
168;168;165
168;168;165
168;168;165
168;168;165
169;168;165
169;168;165
169;168;165
169;168;165
169;168;165
169;168;165
169;168;165
169;168;165
169;168;165
169;168;165
169;168;165
169;168;165
169;168;165
169;168;165
169;168;165
169;168;165
169;168;165
169;168;165
169;168;165
169;168;165
169;168;165
169;168;165
169;168;165
169;168;165
169;168;165
169;168;165
169;168;165
169;167;166
168;167;166
168;167;166
169;168;165
169;168;165
169;168;165
168;168;165
168;168;165
168;168;165
168;168;165
168;168;165
168;168;165
168;168;165
168;168;165
168;168;165
168;168;165
168;168;165
168;168;165
168;168;165
168;168;165
168;168;165
168;168;165
168;168;165
168;168;165
168;168;165
168;168;166
168;168;165
168;168;165
168;168;165
168;168;165
168;168;165
168;168;165
168;168;165
168;168;165
168;168;165
168;168;165
168;168;165
168;168;165
168;168;165
168;168;165
168;168;165
168;168;165
168;168;165
168;168;165
168;168;165
168;168;165
168;168;165
168;168;165
168;168;165
168;168;165
168;168;165
168;168;165
168;168;165
168;168;165
168;168;165
168;168;165
168;168;165
169;168;165
168;168;165
168;168;166
168;168;165
168;168;165
168;168;165
168;168;165
168;168;165
168;168;165
168;168;165
168;168;165
168;168;165
168;168;165
168;168;165
168;168;165
168;168;165
168;168;165
168;168;165
168;168;165
168;168;165
168;168;165
168;168;165
168;168;165
168;168;165
168;168;165
168;168;165
168;168;165
168;168;165
168;168;165
168;168;165
168;168;165
168;168;165
168;168;165
168;168;165
168;168;165
168;168;165
168;168;165
168;168;165
168;168;165
168;168;165
168;168;165
168;168;165
168;168;165
168;168;165
168;168;165
168;168;165
168;168;165
168;168;165
168;168;165
168;168;165
168;168;165
168;168;165
168;167;166
168;167;166
168;167;166
168;168;165
168;168;165
168;168;165
168;168;165
168;168;165
168;168;165
168;168;165
168;168;166
166;168;166
160;167;170
135;166;186
117;166;194
85;166;211
68;165;220
49;164;228
18;164;246
6;162;250
0;163;255
0;163;255
0;163;255
0;163;255
0;163;255
0;163;255
0;163;255
0;163;255
0;163;255
0;163;255
0;163;255
0;163;255
0;163;255
0;163;255
0;163;255
0;163;255
0;163;255
0;163;255
0;163;255
0;163;255
0;163;255
0;163;255
0;163;255
0;163;255
0;163;255
0;163;255
0;163;255
0;163;255
0;163;255
0;163;255
0;163;255
0;163;255
0;163;255
0;163;255
0;163;255
0;163;255
168;168;165
168;168;165
168;168;165
168;168;165
168;168;165
168;168;165
168;168;165
168;168;165
168;168;165
168;168;165
168;168;165
168;168;165
168;168;165
168;168;165
168;168;165
168;168;165
168;168;165
168;167;166
168;168;166
168;168;165
168;168;165
168;168;165
168;168;165
168;168;165
168;168;165
168;168;165
168;168;165
168;168;165
168;168;165
168;168;165
168;168;165
168;168;165
168;168;165
168;168;165
165;167;167
160;167;170
151;167;177
136;167;185
110;165;198
97;165;204
82;164;211
68;165;220
51;164;228
23;164;244
10;163;250
3;163;253
0;163;255
0;163;255
0;163;255
0;163;254
0;163;254
0;163;255
0;163;255
0;163;255
0;163;255
0;163;255
0;163;255
0;163;255
0;163;255
0;163;255
0;163;255
0;163;255
0;163;255
0;163;255
0;163;255
0;163;255
0;163;255
0;163;255
0;163;255
0;163;255
0;163;255
0;163;255
0;163;255
0;163;255
0;163;255
0;163;255
0;163;255
0;163;255
0;163;255
0;163;255
0;163;255
0;163;255
0;163;255
0;163;255
0;163;255
0;163;255
0;163;255
0;163;255
0;163;255
0;163;255
0;163;255
0;163;255
0;163;255
0;163;255
0;163;254
0;163;254
0;163;254
0;163;255
0;163;255
0;163;255
0;163;255
0;163;255
0;163;255
0;163;255
0;163;255
0;163;255
0;163;255
0;163;255
0;163;255
0;163;255
0;163;255
0;163;255
0;163;255
0;163;255
0;163;255
0;163;255
0;163;255
0;163;255
0;163;255
0;163;255
0;163;255
0;163;255
0;163;255
0;163;255
0;163;255
0;163;255
0;163;255
168;168;165
168;168;165
168;169;168
165;167;168
158;167;172
147;166;178
136;166;186
123;166;191
110;166;197
95;165;205
71;165;219
58;164;225
44;163;232
31;163;238
18;164;245
8;164;249
2;163;253
0;163;255
0;163;255
0;163;255
0;163;255
0;163;255
0;163;255
0;163;255
0;163;255
0;163;255
0;163;255
0;163;255
0;163;255
0;163;255
0;163;255
0;163;255
0;163;255
0;163;255
0;163;255
0;163;255
0;163;255
0;163;255
0;163;255
0;163;255
0;163;255
0;163;255
0;163;255
0;163;255
0;163;255
0;163;255
0;163;255
0;163;255
0;163;255
0;163;255
0;163;255
0;163;255
0;163;255
0;163;255
0;163;255
0;163;255
0;163;255
0;163;255
0;163;255
0;163;255
0;163;255
0;163;255
0;163;255
0;163;255
0;163;255
0;163;255
0;163;255
0;163;255
0;163;255
0;163;255
0;163;255
0;163;255
0;163;255
0;163;254
0;163;253
