0;163;254
0;163;254
0;163;254
0;163;254
0;163;255
0;163;255
0;163;255
0;163;254
0;167;252
0;174;250
0;181;249
0;195;245
0;201;241
0;208;239
0;216;240
1;221;240
0;220;238
0;220;238
0;220;238
0;220;238
0;220;238
0;220;238
0;220;238
0;220;238
0;220;238
0;220;238
0;220;238
0;220;238
0;220;238
0;220;238
0;220;238
0;220;238
0;220;238
0;220;238
0;220;238
0;220;238
0;220;238
0;220;238
0;220;238
0;220;238
0;220;238
0;220;238
9;221;231
23;217;212
59;206;155
79;200;125
100;195;96
143;185;38
155;179;15
162;177;4
167;178;0
167;178;0
167;178;0
168;178;0
168;178;0
168;178;0
168;178;0
168;178;0
168;178;0
168;178;0
168;178;0
169;179;1
170;180;2
167;178;0
168;179;1
166;177;7
169;176;42
170;175;63
169;173;82
169;170;122
168;168;142
169;168;157
169;168;163
168;168;165
168;168;165
168;168;165
168;168;165
168;168;165
168;168;165
168;168;165
168;168;165
167;166;164
170;169;167
168;168;165
168;168;165
168;168;165
168;168;165
168;168;165
168;168;165
168;168;165
168;168;165
168;168;165
168;168;165
168;168;165
168;168;165
168;168;165
168;168;165
168;168;165
168;168;165
168;168;165
168;168;165
168;168;165
168;168;165
168;168;165
168;168;165
168;168;165
168;168;165
168;168;165
168;168;165
167;166;165
170;169;170
143;168;184
123;167;194
102;166;203
81;165;213
38;163;234
18;164;245
5;163;251
0;163;255
0;163;255
0;163;255
0;163;255
0;163;255
0;163;255
0;163;255
0;163;255
0;163;255
0;163;255
0;0;0
0;0;0
0;0;0
0;0;0
0;0;0
0;0;0
0;0;0
0;0;0
0;0;0
0;0;0
0;0;0
0;0;0
0;0;0
0;0;0
0;0;0
0;0;0
0;0;0
0;0;0
0;0;0
0;0;0
0;0;0
0;0;0
0;0;0
0;0;0
0;0;0
0;0;0
0;0;0
0;0;0
0;0;0
0;0;0
0;0;0
0;0;0
0;0;0
0;0;0
0;0;0
0;0;0
0;0;0
0;0;0
0;0;0
0;0;0
0;0;0
0;0;0
0;0;0
0;0;0
0;0;0
0;0;0
0;0;0
0;0;0
0;0;0
0;0;0
0;0;0
0;0;0
0;0;0
0;0;0
0;0;0
0;0;0
0;0;0
0;0;0
0;0;0
0;0;0
0;0;0
0;0;0
0;0;0
0;0;0
0;0;0
0;0;0
0;0;0
0;0;0
0;0;0
0;0;0
0;0;0
0;0;0
0;0;0
0;0;0
0;0;0
0;0;0
0;0;0
0;0;0
0;0;0
0;0;0
0;0;0
0;0;0
0;0;0
0;0;0
0;0;0
0;0;0
0;0;0
0;0;0
0;0;0
0;0;0
0;0;0
0;0;0
0;0;0
0;0;0
0;0;0
0;0;0
0;0;0
0;0;0
0;0;0
0;0;0
0;0;0
0;0;0
0;0;0
0;0;0
0;0;0
0;0;0
0;0;0
0;0;0
0;0;0
0;0;0
0;0;0
0;0;0
0;0;0
0;0;0
0;0;0
0;0;0
0;0;0
0;0;0
0;0;0
0;0;0
0;0;0
0;0;0
0;0;0
0;0;0
0;0;0
0;0;0
0;0;0
0;0;0
0;0;0
0;0;0
0;0;0
0;0;0
0;0;0
0;0;0
0;0;0
0;0;0
0;0;0
0;0;0
0;0;0
0;0;0
0;0;0
0;0;0
0;0;0
0;0;0
0;0;0
0;0;0
0;0;0
0;0;0
0;0;0
0;0;0
0;0;0
0;0;0
0;0;0
0;0;0
0;0;1
0;0;5
0;40;70
0;40;70
31;165;238
0;163;255
0;163;255
0;163;255
0;163;255
0;163;254
0;168;253
0;174;251
0;176;250
0;179;249
1;182;249
0;188;247
0;191;246
0;197;244
0;200;244
0;204;243
0;209;240
0;214;241
1;219;239
0;219;239
0;218;238
0;220;239
0;220;239
0;220;238
0;220;238
0;220;238
0;220;238
0;220;238
0;220;238
0;220;238
0;220;238
0;220;238
0;220;238
0;220;238
0;220;238
0;220;238
0;220;238
0;220;238
0;220;238
0;220;238
0;220;238
0;220;238
0;220;238
1;220;238
1;220;238
1;220;238
0;220;238
0;220;238
4;220;236
9;218;229
16;216;218
32;211;191
40;209;179
48;207;167
68;203;145
76;201;132
92;197;109
100;194;95
118;189;70
127;186;57
135;183;43
151;180;16
158;177;6
167;178;1
168;178;0
168;178;0
168;178;0
168;178;0
168;178;0
168;178;0
168;178;0
168;178;0
168;178;0
168;178;0
168;178;0
168;178;0
168;178;0
168;178;0
168;178;0
168;178;0
168;178;0
168;178;0
168;178;0
168;177;9
167;175;14
167;176;23
168;175;40
168;175;49
168;173;66
169;173;75
168;172;83
169;172;101
168;170;108
169;170;118
169;170;135
167;168;142
168;168;160
168;168;165
168;167;166
168;167;166
168;168;165
168;168;165
168;168;165
168;168;165
0;0;0
0;0;0
0;0;0
0;0;0
0;0;0
0;0;0
0;0;0
0;0;0
0;0;0
0;0;0
0;0;0
0;0;0
0;0;0
0;0;0
0;0;0
0;0;0
0;0;0
0;0;0
0;0;0
0;0;0
0;0;0
0;0;0
0;0;0
0;0;0
0;0;0
0;0;0
0;0;0
0;0;0
0;0;0
0;0;0
0;0;0
0;0;0
0;0;0
0;0;0
0;0;0
0;0;0
0;0;0
0;0;0
0;0;0
0;0;0
0;0;0
0;0;0
0;0;0
0;0;0
0;0;0
0;0;0
0;0;0
0;0;0
0;0;0
0;0;0
0;0;0
0;0;0
0;0;0
0;0;0
0;0;0
0;0;0
0;0;0
0;0;0
0;0;0
0;0;0
0;0;0
0;0;0
0;0;0
0;0;0
0;0;0
0;0;0
0;0;0
0;0;0
0;0;0
0;0;0
0;0;0
0;0;0
0;0;0
0;0;0
0;0;0
0;0;0
0;0;0
0;0;0
0;0;0
0;0;0
0;0;0
0;0;0
0;0;0
0;0;0
0;0;0
0;0;0
0;0;0
0;0;0
0;0;0
0;0;0
0;0;0
0;0;0
0;0;0
0;0;0
0;0;0
0;0;0
0;0;0
0;0;0
0;0;0
0;0;0
0;0;0
0;0;0
0;0;0
0;0;0
0;0;0
0;0;0
0;0;0
0;0;0
0;0;0
0;0;0
0;0;0
0;0;0
0;0;0
0;0;0
0;0;0
0;0;0
0;0;0
0;0;0
0;0;0
0;0;0
0;0;0
0;0;0
0;0;0
0;0;0
0;0;0
0;0;0
0;0;0
0;163;255
0;163;255
0;163;255
0;163;255
0;163;255
0;163;255
0;163;255
0;163;255
0;163;255
0;163;255
0;163;255
0;163;255
0;163;255
0;163;255
0;163;255
0;163;255
0;163;255
0;163;255
0;163;255
0;163;255
0;163;255
0;163;255
0;163;255
0;163;255
0;163;255
0;163;255
0;163;255
0;163;254
3;163;253
10;163;251
28;164;241
37;165;236
44;163;232
54;165;229
62;164;223
71;165;218
78;164;212
89;166;209
97;165;204
106;165;199
123;166;191
133;166;187
142;167;183
149;166;177
158;168;174
163;167;168
167;168;165
168;168;165
168;168;165
168;168;165
168;168;165
168;168;165
168;168;165
168;168;165
168;168;165
168;168;165
168;168;165
170;169;166
168;168;164
168;168;164
168;168;165
168;168;165
168;168;165
168;168;165
168;168;165
168;168;165
168;168;165
168;168;165
168;168;165
168;168;165
168;168;165
168;168;165
168;168;165
168;168;165
168;168;165
