104192
107008
107008
107008
106752
106752
106752
107008
107008
107008
107008
107008
107008
107008
107008
107008
107008
107008
107008
107008
107008
107776
109312
110080
112896
113664
114688
115712
117248
117248
117248
117248
117248
117248
117248
117248
117248
117248
117248
117248
117248
117248
117504
117504
117504
117248
117248
117504
117504
117504
117248
117504
117248
117248
118016
116480
111616
105216
102656
99072
92416
87552
88576
88576
88576
88576
88576
88576
88576
88576
88576
88576
88576
88576
88576
88576
88576
89088
92160
101376
106240
111360
120064
124672
127744
128256
128256
128256
128256
128256
128256
128256
128256
128256
128512
127488
128512
128256
128256
128256
128512
128512
128512
128512
127488
128256
128256
128256
128256
128256
128256
128256
128512
128512
128512
128512
127488
128256
128256
128256
128256
128512
128768
128000
124416
121344
119040
116224
0
0
0
0
0
0
0
0
0
0
0
0
0
0
0
0
0
0
0
0
0
0
0
0
0
0
0
0
0
0
0
0
0
0
0
0
0
0
0
0
0
0
0
0
0
0
0
0
0
0
0
0
0
0
0
0
0
0
0
0
0
0
0
0
0
0
0
0
0
0
0
0
0
0
0
0
0
0
0
0
0
0
0
0
0
0
0
0
0
0
0
0
0
0
0
0
0
0
0
0
0
0
0
0
0
0
0
0
0
0
0
0
0
0
0
0
0
0
0
0
0
0
0
0
0
0
0
0
0
0
0
0
0
0
0
0
0
0
0
0
0
0
0
0
0
0
0
0
0
0
0
0
0
0
0
256
29952
29952
125440
117760
117760
117504
117504
117248
117248
117248
117248
117248
117248
117248
117248
117248
117248
117248
117248
117248
117504
117504
116224
113408
111616
109312
106752
106752
104192
103680
99328
98304
98048
94464
91904
88832
87552
88320
88576
88576
88576
88576
88576
88576
88576
88576
88576
88576
88576
88576
88576
88576
88576
88576
88576
88576
89856
91904
95488
98304
101888
103424
104960
108800
110336
115200
116992
118528
122368
124928
127488
128000
128256
128256
128256
128256
128256
128256
128256
128256
128256
128256
128256
128256
128256
128256
128256
128256
128256
128256
128256
128256
128256
128256
128256
128256
128256
128256
128256
128256
128256
128256
128256
128256
128256
128256
256
0
0
0
0
0
0
0
0
0
0
0
0
0
0
0
0
0
0
0
0
0
0
0
0
0
0
0
0
0
0
0
0
0
0
0
0
0
0
0
0
0
0
0
0
0
0
0
0
0
0
0
0
0
0
0
0
0
0
0
0
0
0
0
0
0
0
0
0
0
0
0
0
0
0
0
0
0
0
0
0
0
0
0
0
0
0
0
0
0
0
0
0
0
0
0
0
0
0
0
0
0
0
0
0
0
0
0
0
0
0
0
0
0
0
0
0
0
0
0
0
0
0
0
0
0
0
117248
117248
117248
117248
117504
117504
117504
117504
117504
116736
115456
114944
114432
114432
113664
113664
112896
112128
111872
111360
110080
109824
110080
108800
108032
107264
107008
106752
107008
107008
107008
107008
107008
106752
106752
106752
106752
107776
107008
107008
107008
107008
106496
107008
107008
107008
107008
107008
107008
107008
107008
107008
107008
107008
107008
107008
107008
107008
107008
107008
107008
107008
106752
106496
107264
107776
109056
110592
111616
113664
114688
115968
116992
118528
118528
