0
0
2816
14080
115456
107008
107008
107008
107008
107008
107008
107008
107008
107008
107008
107008
107008
107008
107008
107008
107008
107008
107008
107008
107008
107008
107008
107008
107008
107008
107008
107008
107008
106496
108544
110080
110848
113408
113920
115456
117504
117248
117248
117248
117248
117248
117248
117248
117248
117248
117248
117248
117248
117248
117248
117248
117504
117248
117248
117504
117248
117248
117248
117248
117248
117248
117504
117504
116224
109568
104960
102144
99072
88832
88576
88064
88576
88576
88576
88576
88576
88576
88576
88576
88576
88576
88576
88576
88576
88576
89088
91904
101888
106496
111360
120064
124928
127744
128512
128256
128256
128512
128256
128256
128256
128256
128256
128256
127232
128256
128256
128256
128256
128256
128512
128512
128512
127232
128256
128256
128256
128256
128256
128256
128256
128256
128256
128256
0
0
0
0
0
0
0
0
0
0
0
0
0
0
0
0
0
0
0
0
0
0
0
0
0
0
0
0
0
0
0
0
0
0
0
0
0
0
0
0
0
0
0
0
0
0
0
0
0
0
0
0
0
0
0
0
0
0
0
0
0
0
0
0
0
0
0
0
0
0
0
0
0
0
0
0
0
0
0
0
0
0
0
0
0
0
0
0
0
0
0
0
0
0
0
0
0
0
0
0
0
0
0
0
0
0
0
0
0
0
0
0
0
0
0
0
0
0
0
0
0
0
0
0
0
0
0
0
0
0
0
0
0
0
0
0
0
0
0
0
0
0
0
0
0
0
0
0
0
0
0
0
0
0
0
512
25088
21504
98048
92416
90880
89856
88576
88320
88576
88576
88576
88576
88576
88576
88576
88576
88576
88576
88576
88576
88576
88576
88576
88576
88576
89856
91904
93440
97024
98816
102400
105216
107008
110336
111872
115456
118016
118784
123648
126208
127744
128256
128256
128256
128256
128256
128256
128256
128256
128256
128256
128256
128256
128256
128256
128256
128256
128256
128256
128256
128256
128256
128256
128256
128256
128256
128256
128256
128256
128256
128256
128256
128256
128256
128256
128256
128256
128256
127744
127232
124928
124672
123392
121344
120064
118784
117760
116736
114432
113408
110848
109568
109568
107776
107008
107008
107008
107008
107008
107008
107008
107008
107008
106752
107008
109056
0
0
0
0
0
0
0
0
0
0
0
0
0
0
0
0
0
0
0
0
0
0
0
0
0
0
0
0
0
0
0
0
0
0
0
0
0
0
0
0
0
0
0
0
0
0
0
0
0
0
0
0
0
0
0
0
0
0
0
0
0
0
0
0
0
0
0
0
0
0
0
0
0
0
0
0
0
0
0
0
0
0
0
0
0
0
0
0
0
0
0
0
0
0
0
0
0
0
0
0
0
0
0
0
0
0
0
0
0
0
0
0
0
0
0
0
0
0
0
0
0
0
0
0
0
0
0
102144
103680
105472
106496
107776
109056
110848
111616
113152
114688
117760
117504
117248
117248
117504
117248
117248
117248
117248
117248
117248
117248
117248
117248
117248
117248
117248
117248
117248
117248
117248
117248
117248
117248
117248
117248
117248
117248
117248
117248
117248
117248
117248
117248
117248
117248
117248
116992
116736
115968
114944
114176
113664
113408
112896
112640
111872
111104
110848
110080
110336
109056
109056
108288
107520
107264
106752
106752
107008
107008
107008
106752
106752
106752
106752
