128256
128256
128256
128256
128256
128256
128256
128256
128256
128256
128256
128256
128256
128256
128256
128256
128256
128256
128256
128256
128256
128256
128256
128256
128256
128256
128256
128256
128256
128256
128256
128256
128256
128256
128256
128256
128256
128256
128256
128256
128256
128256
128256
128256
128256
128256
128256
128256
128256
128256
128256
128256
128256
128256
128256
128256
128256
128256
128256
128256
128256
128256
128256
128256
128256
128256
128256
128256
128256
128256
128256
128256
128256
128256
128256
128256
128256
128256
128256
128256
128256
128256
128256
128256
128256
128256
128256
128256
128256
128256
128256
128256
128256
128256
128256
128256
128256
128256
128256
128256
128256
128256
128256
128256
128256
128256
128256
128256
128256
128256
128256
128256
128256
128256
128256
128256
128256
128256
128256
128256
128256
128256
128256
128256
128256
128256
128256
128256
128256
128256
128512
128256
128256
128256
128256
128256
128256
128256
128256
128256
128256
128256
128256
128256
128256
128256
128256
128256
128256
128256
128256
128256
128256
128256
128256
128256
128256
128256
128256
128256
128256
128256
128256
128256
128256
128256
128256
128256
128256
128256
128256
128256
128256
128256
128256
128256
128256
128256
128256
128256
128256
128256
128256
128256
128256
128256
128256
128256
128256
128256
128256
128256
128256
128256
128256
128256
128256
128256
128256
128256
128256
128256
128256
128256
128256
128256
128256
128256
128256
128256
128256
128256
128256
128256
128256
128256
128256
128256
128256
128256
128256
128256
128256
128256
128256
128256
128256
128256
128256
128256
128256
128256
128256
128256
128256
128256
128256
128256
128256
128256
128256
128256
128256
128256
128256
128256
128256
128256
128256
128256
128256
128256
128256
128256
128256
128256
128256
128256
128256
128256
128256
128256
128256
128256
128256
128256
128256
128256
128256
128256
128256
128256
128256
128256
128512
128256
128256
128512
128256
128256
128256
128256
128256
128256
128256
128256
128256
128256
128256
128256
128256
128256
128256
128256
128256
128256
128256
128256
128256
128256
128256
128256
128256
128256
128256
128256
128256
128256
128256
128256
128256
128256
128256
128256
128256
128256
128256
128256
128256
128256
128256
128256
128256
128256
128256
128256
128256
128256
128256
128256
128256
128256
128256
128256
128256
128256
128256
128256
128256
128256
128256
128256
128256
128256
128256
128256
128256
128256
128256
128256
128256
128256
128256
128256
128256
128256
128256
128256
128256
128256
128256
128256
128256
128256
128256
128256
128256
128256
128256
128000
128256
124928
92928
73984
35072
14336
512
0
0
0
0
0
0
0
0
0
0
0
0
0
128256
128256
128256
128256
128256
128256
128256
128256
128256
128256
128256
128256
128256
127232
128256
128256
128256
128256
128256
128256
128256
128256
128256
128256
128256
128256
128256
128256
128256
128256
128256
128256
128256
128256
128256
128256
128256
128256
128256
128256
128256
128256
128256
128256
128256
128256
128256
128256
128256
128256
128256
128256
128256
128256
128256
128256
128256
128256
128256
128256
128256
128256
128256
128256
128256
128256
128256
128256
128256
128256
128256
128256
128256
128256
128256
128256
128256
128256
128256
128256
128256
128256
128256
128256
128256
128256
128256
128256
128256
128256
128256
128256
128256
128256
128256
128256
128256
128256
128256
128256
128256
128256
128256
128256
128256
128256
128256
128256
128256
128256
128256
128256
128256
128256
128256
128256
128256
128256
128256
128256
128256
128256
128256
128256
128256
128256
128256
128256
128256
128256
128256
129536
128256
128256
128256
128256
128256
128256
128256
128256
128256
128256
128256
128256
128256
128256
128256
128256
128256
128256
128256
128256
128256
128256
128256
128256
128256
128256
128256
128256
128256
128256
128256
128256
128256
128256
128256
128256
128256
128256
128256
128256
128256
128256
128256
128256
128256
128256
128256
128256
128256
128256
128256
128256
128256
128256
128256
128256
128256
128256
128256
128256
128256
128256
128256
128256
128256
128256
128256
128256
128256
128256
