0
0
0
0
0
0
0
0
256
768
33536
112640
112640
112896
112896
112640
112640
112384
107776
107008
106752
107008
107008
107008
107008
107008
107008
107008
106752
107008
107008
107008
107008
107008
107008
107008
107008
107008
107008
107008
107008
107008
107008
107008
107008
107008
107008
108032
109568
110336
113152
113920
114944
117760
117248
117248
117248
117248
117248
117248
117248
117248
117248
117248
117248
117248
117504
117504
117504
117248
117248
117504
117504
117504
117248
117248
117248
117248
117248
117248
117760
116992
109824
106240
102400
99840
92928
89600
89088
88576
88576
88576
88576
88576
88576
88576
88576
88576
88576
88576
88576
88576
88576
89344
91648
100096
104704
109824
118528
123392
126464
128256
128256
128256
128256
128256
128256
128256
128512
128512
128512
127232
128256
128256
128256
128256
128256
128256
0
0
0
0
0
0
0
0
0
0
0
0
0
0
0
0
0
0
0
0
0
0
0
0
0
0
0
0
0
0
0
0
0
0
0
0
0
0
0
0
0
0
0
0
0
0
0
0
0
0
0
0
0
0
0
0
0
0
0
0
0
0
0
0
0
0
0
0
0
0
0
0
0
0
0
0
0
0
0
0
0
0
0
0
0
0
0
0
0
0
0
0
0
0
0
0
0
0
0
0
0
0
0
0
0
0
0
0
0
0
0
0
0
0
0
0
0
0
0
0
0
0
0
0
0
0
0
0
0
0
0
0
0
0
0
0
0
0
0
0
0
0
0
0
0
0
0
0
0
0
0
0
0
0
0
768
25600
26112
105984
109568
111360
116736
120320
123648
126720
128256
128256
128256
128256
128256
128256
128256
128256
128256
128256
128256
128256
128256
128256
128256
128256
128256
128256
128256
128256
128256
128256
128256
128256
128256
128256
128256
128256
128256
128256
128256
128256
128256
128256
128256
128256
128256
128000
127744
125440
124416
123136
122368
121600
118784
118784
117248
115200
112896
112384
111104
109824
107776
107776
107008
107008
107008
107008
107008
107008
107008
107008
107008
107008
107008
107008
107008
107008
107008
107008
107008
107008
107008
107008
107008
107008
107008
107008
107008
107008
107008
106752
107520
108800
108800
109568
109824
110592
111104
114944
100608
5120
0
0
0
0
0
256
0
0
0
0
0
0
0
0
0
0
0
0
0
0
0
0
0
0
0
0
0
0
0
0
0
0
0
0
0
0
0
0
0
0
0
0
0
0
0
0
0
0
0
0
0
0
0
0
0
0
0
0
0
0
0
0
0
0
0
0
0
0
0
0
0
0
0
0
0
0
0
0
0
0
0
0
0
0
0
0
0
0
0
0
0
0
0
0
0
0
0
0
0
0
0
0
0
0
0
0
0
0
0
0
0
0
0
0
0
0
0
0
0
0
0
0
0
0
0
0
0
0
0
0
0
0
101632
99840
97280
96512
94976
92416
89600
88832
88576
88576
88576
88576
88576
88576
88576
88576
88576
88576
88576
88576
88576
88576
88576
88576
88576
88576
88576
88576
88576
88576
87552
89856
90624
92160
94208
95744
95488
97024
99584
100352
102400
104192
104960
106496
108032
108800
110592
111104
112640
113920
116736
117248
117504
117248
117248
117248
117248
117248
117248
117248
117248
117248
117248
117248
117248
117248
117248
117248
117248
117248
117248
117248
117248
117248
117248
