168;168;165
168;168;165
168;168;165
168;168;165
168;168;165
168;168;165
168;168;165
168;168;165
168;168;165
168;168;165
168;168;165
168;168;165
168;168;165
168;168;165
168;168;165
168;168;165
168;168;165
168;168;165
168;168;165
168;168;165
168;168;165
168;168;165
168;168;165
168;168;165
168;168;165
168;168;165
168;168;165
168;168;165
168;168;165
168;168;165
168;168;165
168;168;165
168;168;165
168;168;165
168;168;165
168;168;165
168;168;165
168;168;165
168;168;165
169;168;165
170;168;163
169;168;158
168;168;147
169;169;132
168;171;98
168;173;77
168;174;51
167;176;11
167;177;2
168;178;1
168;178;0
168;178;0
168;178;0
168;178;0
168;178;0
168;178;0
168;178;0
168;178;0
168;178;0
168;178;0
168;178;0
168;178;0
168;178;0
168;178;0
168;178;0
168;178;0
168;178;0
168;178;0
168;178;0
168;178;0
168;178;0
168;178;0
168;178;0
168;178;0
168;178;0
168;178;0
168;178;0
168;178;0
168;178;0
168;178;0
168;178;0
168;178;0
168;178;0
168;178;0
168;178;0
168;178;0
168;178;0
168;178;0
168;178;0
168;178;0
168;178;0
168;178;0
168;178;0
168;178;0
168;178;0
168;178;0
168;178;0
167;177;2
166;176;19
167;175;36
168;174;56
169;173;77
169;170;119
170;170;140
169;168;157
168;168;165
168;168;165
168;168;165
168;168;165
168;168;165
168;168;165
168;168;165
168;168;165
168;168;165
168;168;165
168;168;165
168;168;165
168;168;165
168;168;165
168;168;165
168;168;165
168;168;165
168;168;165
168;168;165
168;168;165
168;168;165
168;168;165
168;168;165
168;178;0
168;178;0
168;178;0
168;178;0
168;178;0
168;178;0
168;178;0
168;178;0
168;178;0
168;177;1
168;178;0
168;178;0
168;178;0
168;177;1
168;177;1
168;178;0
168;178;0
168;178;0
168;178;0
168;178;0
168;178;0
168;178;0
168;178;0
168;178;0
168;178;0
168;178;0
168;178;0
168;178;0
168;178;0
168;178;0
168;178;0
168;178;0
168;178;0
168;178;0
168;178;0
168;178;0
168;178;0
168;178;0
168;178;0
168;178;0
168;178;0
168;178;0
168;178;0
168;178;0
168;177;1
167;178;0
167;178;0
167;178;0
168;178;0
168;178;0
168;178;0
168;178;0
168;178;0
168;178;0
168;178;0
168;177;1
167;178;0
167;178;0
168;178;0
168;178;0
168;178;0
168;178;0
167;178;0
167;178;0
168;178;0
168;178;0
168;178;0
168;178;0
169;179;1
168;178;0
168;178;0
168;178;0
168;178;0
168;178;0
168;178;0
168;178;0
168;178;0
168;178;0
168;178;0
168;178;0
168;178;0
168;178;0
168;178;0
168;178;0
168;178;0
168;178;0
168;178;0
168;178;0
168;178;0
168;178;0
168;178;0
168;178;0
168;178;0
168;178;0
168;178;0
168;178;0
168;178;0
168;178;0
168;178;0
168;178;0
168;178;0
168;178;0
168;178;0
167;178;0
168;178;0
168;178;0
168;178;0
168;178;0
168;178;0
168;178;0
168;178;0
168;178;0
168;178;0
168;178;0
168;178;0
168;178;0
168;178;0
168;178;0
168;178;0
168;178;0
168;178;0
168;178;0
168;178;0
168;178;0
168;178;0
168;178;0
168;178;0
168;178;0
168;178;0
168;178;0
168;178;0
168;178;0
168;178;0
168;178;0
168;178;0
168;178;0
168;178;0
168;178;0
168;178;0
168;178;0
168;178;0
168;178;0
168;178;0
168;178;0
168;178;0
168;178;0
168;178;0
168;178;0
168;178;0
168;178;0
168;178;0
168;178;0
168;178;0
168;178;0
168;178;0
168;178;0
168;178;0
168;178;0
168;178;0
168;178;0
168;178;0
168;178;0
168;178;0
168;178;0
168;178;0
168;178;0
168;178;0
168;178;0
168;178;0
168;178;0
168;178;0
168;178;0
168;178;0
168;178;0
168;178;0
168;178;0
168;178;0
168;178;0
168;178;0
168;178;0
168;178;0
168;178;0
168;178;0
168;178;0
168;178;0
168;178;0
168;178;0
168;178;0
168;178;0
168;178;0
168;178;0
168;178;0
168;178;0
168;178;0
168;178;0
168;178;0
168;178;0
168;178;0
168;178;0
168;178;0
168;178;0
168;178;0
168;178;0
168;178;0
168;178;0
168;178;0
168;178;0
168;178;0
168;178;0
168;178;0
168;178;0
168;178;0
168;178;0
168;178;0
168;178;0
168;178;0
168;178;0
168;178;0
168;178;0
168;178;0
168;178;0
168;178;0
168;178;0
168;178;0
168;178;0
168;178;0
168;178;0
168;178;0
168;178;0
168;178;0
168;178;0
168;178;0
168;178;0
168;178;0
168;178;0
168;178;0
168;178;0
168;178;0
168;178;0
168;178;0
168;178;0
168;178;0
168;178;0
168;178;0
168;178;0
168;178;0
168;178;0
168;178;0
168;178;0
168;178;0
168;178;0
168;178;0
168;178;0
168;178;0
168;178;0
168;178;0
168;178;0
168;178;0
168;178;0
168;178;0
168;178;0
168;178;0
168;178;0
168;178;0
168;178;0
168;178;0
168;178;0
168;178;0
168;178;0
168;178;0
168;178;0
168;178;0
168;178;0
168;178;0
168;178;0
168;178;0
168;178;0
168;178;0
168;178;0
168;178;0
168;178;0
168;178;0
168;178;0
168;178;0
168;178;0
168;178;0
168;178;0
168;178;0
168;178;0
168;178;0
168;178;0
168;178;0
168;178;0
168;178;0
168;178;0
168;178;0
168;178;0
168;178;0
168;178;0
168;178;0
168;178;0
168;178;0
168;178;0
168;178;0
168;178;0
168;178;0
168;178;0
168;178;0
168;178;0
168;178;0
168;178;0
168;178;0
168;178;0
168;178;0
168;178;0
168;178;0
168;178;0
168;178;0
168;178;0
168;177;1
168;177;1
168;177;2
168;177;2
167;177;2
167;177;2
167;177;6
167;177;7
167;176;11
167;176;12
167;175;19
168;176;21
169;176;26
170;176;39
169;175;42
169;175;47
169;174;60
169;174;67
169;174;73
169;174;73
168;172;79
170;173;88
168;171;105
168;170;113
168;170;129
168;170;137
168;168;142
169;168;152
170;168;157
168;167;162
168;168;164
168;168;165
168;168;165
168;168;165
168;168;165
168;168;165
168;168;165
168;168;165
168;168;165
168;168;165
168;168;165
168;168;165
168;168;165
168;168;165
168;168;165
168;168;165
168;168;165
168;168;165
168;168;165
168;168;165
168;168;165
168;168;165
168;168;165
168;168;165
168;168;165
168;168;165
168;168;165
168;168;165
168;168;165
168;168;165
168;168;165
168;168;165
168;168;165
168;168;165
168;168;165
168;168;165
168;168;165
168;168;165
168;168;165
168;168;165
168;178;0
168;178;0
168;178;0
168;178;0
168;178;0
168;178;0
168;178;0
168;178;0
168;178;0
168;178;0
168;178;0
168;178;0
168;178;0
168;178;0
168;178;0
168;178;0
168;178;0
168;178;0
168;178;0
168;178;0
168;178;0
168;178;0
168;178;0
168;178;0
168;178;0
168;178;0
168;178;0
168;178;0
168;178;0
168;178;0
168;178;0
168;178;0
168;178;0
168;178;0
168;178;0
168;178;0
168;178;0
168;178;0
168;178;0
168;178;0
168;178;0
168;178;0
168;178;0
168;178;0
168;178;0
168;178;0
168;178;0
168;178;0
168;178;0
168;178;0
168;178;0
168;178;0
168;178;0
168;178;0
168;178;0
168;178;0
168;178;0
168;178;0
168;178;0
168;178;0
168;178;0
168;178;0
168;178;0
168;178;0
168;178;0
168;178;0
168;178;0
168;178;0
168;178;0
168;178;0
168;178;0
168;178;0
168;178;0
168;178;0
168;178;0
