0
0
0
0
0
0
0
0
0
0
0
0
0
0
0
0
0
0
0
0
0
0
91904
128256
128256
127744
126464
125184
119808
118528
115712
110336
107776
107008
106752
106752
106752
107008
107008
107008
107008
107008
107008
107008
107008
107008
107008
107008
107008
107008
107008
107008
107008
107008
107008
107008
107008
107008
107008
106752
107520
108032
109568
112128
113408
114176
117504
117760
117248
117248
117248
117248
117248
117248
117248
117248
117248
117248
117248
117248
117248
117248
117248
117248
117248
117248
117248
117248
117248
117248
117248
117248
117504
117504
118016
111360
107776
104960
98304
94720
91904
88064
88320
88576
88576
88576
88576
88576
88576
88576
88576
88576
88576
88576
88576
88576
88576
89088
96768
101376
106240
115456
120064
124672
128256
128256
128256
128256
0
0
0
0
0
0
0
0
0
0
0
0
0
0
0
0
0
0
0
0
0
0
0
0
0
0
0
0
0
0
0
0
0
0
0
0
0
0
0
0
0
0
0
0
0
0
0
0
0
0
0
0
0
0
0
0
0
0
0
0
0
0
0
0
0
0
0
0
0
0
0
0
0
0
0
0
0
0
0
0
0
0
0
0
0
0
0
0
0
0
0
0
0
0
0
0
0
0
0
0
0
0
0
0
0
0
0
0
0
0
0
0
0
0
0
0
0
0
0
0
0
0
0
0
0
0
0
0
0
0
0
0
0
0
0
0
0
0
0
0
0
0
0
0
0
0
0
0
0
0
0
0
0
0
0
0
31744
31744
128256
128256
128256
128256
128256
128256
128256
128256
128256
128512
128512
128512
128000
127744
125696
125440
123392
122112
120064
118784
118528
115968
115968
113408
112640
111360
109824
107776
107264
107008
107008
107008
107008
107008
107008
107008
107008
107008
107008
107008
107008
107008
107008
107008
107008
107008
107008
107008
107008
107008
107008
107008
107008
107008
107008
107008
106496
107008
108288
109056
109824
110080
110336
111360
112128
112640
113152
113408
114432
114688
115456
116480
117504
117248
117248
117248
117248
117248
117248
117248
117248
117248
117248
117248
122880
111616
768
0
0
0
0
0
0
0
0
0
0
0
0
0
0
0
0
0
512
0
0
0
0
0
0
0
0
0
0
0
0
0
0
0
0
0
0
0
0
0
0
0
0
0
0
0
0
0
0
0
0
0
0
0
0
0
0
0
0
0
0
0
0
0
0
0
0
0
0
0
0
0
0
0
0
0
0
0
0
0
0
0
0
0
0
0
0
0
0
0
0
0
0
0
0
0
0
0
0
0
0
0
0
0
0
0
0
0
0
0
0
0
0
0
0
0
0
0
0
0
0
0
0
0
0
0
0
0
0
0
0
0
0
0
0
0
0
0
0
0
0
0
0
0
0
128256
128256
128256
128256
128256
128256
128256
128256
128256
128256
128256
128256
128256
128256
128256
128256
128256
128256
128256
128256
128256
128256
128256
128256
128256
128256
128256
128256
128000
126720
123392
121600
118784
117504
114944
113408
111872
110336
108544
106752
102400
100864
99072
97280
94976
93440
91904
90112
88832
88832
88576
88576
88576
88576
88576
88576
88576
88576
88576
88576
88576
88576
88576
88576
88576
88576
88576
88576
88576
88576
88576
88576
90624
92416
92928
