128256
128256
128256
128256
128256
128256
128256
128256
128256
128256
128256
128256
128256
128256
128256
128256
128256
128256
128256
128256
128256
128256
128256
128256
126720
123904
120064
116992
110336
106496
101376
95488
90880
88832
88576
88576
88576
88576
88576
88576
88576
88576
88576
88576
88576
88576
88576
88576
88576
88576
88576
88576
88576
88576
88576
88576
88576
88576
88576
88576
88576
88576
88576
88576
88576
88576
88576
88576
88576
88576
88576
88576
88576
88576
88576
88576
88576
88576
88576
88576
88576
88576
88576
88576
88576
88576
88576
88576
88576
88576
88576
88576
88576
88576
88576
88576
88576
88576
88576
88576
88576
88576
88576
88576
88576
88576
88576
88576
88576
88832
90880
100608
105472
110848
116736
125952
128000
128256
128256
128256
128256
128256
128256
128256
128256
128256
128256
128256
88576
88576
88576
88576
88576
88576
88576
88576
88576
88576
88576
88576
88576
88576
88576
88576
88576
88576
88576
88576
88576
88576
88576
88576
88576
88576
88576
88576
88576
88576
88576
88576
88576
88576
88576
88576
88576
88576
88576
88576
88576
88576
88576
88576
88576
88576
88576
88576
88576
88576
88576
88576
88576
88576
88576
88576
88576
88576
88576
88576
88576
88576
88576
88576
88576
88576
88576
88576
88576
88576
88576
88576
88576
88576
88576
88576
88576
88576
88576
88576
88576
88576
88576
88576
88576
88576
88576
88576
88576
88576
88576
88576
88576
88576
88576
88576
88576
88576
88576
88576
88576
88576
88576
88576
88576
88576
88576
88576
88576
88576
88576
88576
88576
88576
88576
88576
88576
88576
88576
88576
88576
88576
88576
88576
88576
88576
88576
88576
88576
88576
88576
88576
88576
88576
88576
88576
88576
88576
88576
88576
88576
88576
88576
88576
88576
88576
88576
88576
88576
88576
88576
88576
88576
88576
88576
88576
88576
88576
88576
88576
88576
88576
88576
88576
88576
88576
88576
88576
88576
88576
88576
88576
88576
88576
88576
88576
88576
88576
88576
88576
88576
88576
88576
88576
88576
88576
88576
88576
88576
88576
88576
88576
88576
88576
88576
88576
88576
88576
88576
88576
88576
88576
88576
88576
88576
88576
88576
88576
88576
88576
88576
88576
88576
88576
88576
88576
88576
88576
88576
88576
88576
88576
88576
88576
88576
88576
88576
88576
88576
88576
88576
88576
88576
88576
88576
88576
88576
88576
88576
88576
88576
88576
88576
88576
88576
88576
88576
88576
88576
88576
88576
88576
88576
88576
88576
88576
88576
88576
88576
88576
88576
88576
88576
88576
88576
88576
88576
88576
88576
88576
88576
88576
88576
88576
88576
88576
88576
88576
88576
88576
88576
88576
88576
88576
88576
88576
88576
88576
88576
88576
88576
88576
88576
88576
88576
88576
88576
88576
88576
88576
88576
88576
88576
88576
88576
88576
88576
88576
88576
88576
88576
88576
88576
88576
88576
88576
88576
88576
88576
88576
88576
88576
88576
88576
88576
88576
88576
88576
88576
88576
88576
88576
88576
88576
88576
88576
88576
88576
88576
88832
88576
88832
88832
88832
88832
88832
88832
88832
89856
90112
90368
92416
94720
99072
100608
103424
110336
113408
118528
121600
123648
126720
127232
128256
128256
128256
128256
128256
128256
128256
128256
128256
128256
128256
128256
128256
128256
128256
128256
128256
128256
128256
128256
128256
128256
128256
128256
128256
128256
88576
88576
88576
88576
88576
88576
88576
88576
88576
88576
88576
88576
88576
88576
88576
88576
88576
88576
88576
88576
88576
88576
88576
88576
88576
88576
88576
88576
88576
88576
88576
88576
88576
88576
88576
88576
88576
88576
88576
88576
88576
88576
88576
88576
88576
88576
88576
88576
88576
88576
88576
88576
88576
88576
88576
88576
88576
88576
88576
88576
88576
88576
88576
88576
88576
88576
88576
88576
88576
88576
88576
88576
88576
88576
88576
