168;178;0
168;178;0
168;178;0
168;178;0
168;178;0
168;178;0
168;178;0
168;178;0
168;178;0
168;178;0
168;178;0
168;178;0
168;178;0
168;178;0
168;178;0
168;178;0
168;178;0
168;178;0
168;178;0
168;178;0
168;178;0
168;178;0
168;178;0
168;178;0
168;178;0
168;178;0
168;178;0
168;178;0
168;178;0
168;178;0
168;178;0
168;178;0
168;178;0
168;178;0
168;178;0
168;178;0
168;178;0
168;178;0
168;178;0
168;178;0
168;178;0
168;178;0
168;178;0
168;178;0
168;177;1
168;177;1
168;178;0
168;178;0
168;178;0
168;178;0
168;178;0
168;178;0
168;178;0
168;178;0
168;178;0
168;178;0
168;178;0
168;178;0
168;178;0
168;178;0
168;178;0
168;178;0
168;178;0
168;178;0
168;178;0
168;178;0
168;178;0
168;178;0
168;178;0
168;178;0
168;178;0
168;178;0
168;178;0
168;178;0
168;178;0
168;178;0
168;178;0
168;178;0
168;178;0
168;178;0
168;178;0
168;178;0
168;178;0
168;178;0
168;178;0
168;178;0
168;178;0
168;178;0
168;178;0
168;178;0
168;178;0
168;178;0
168;178;0
168;178;0
168;178;0
168;178;0
168;178;0
168;178;0
168;178;0
168;178;0
168;178;0
168;178;0
168;178;0
168;178;0
168;178;0
167;178;0
167;178;0
167;178;0
168;178;0
168;178;0
168;178;0
168;178;0
168;178;0
168;178;0
168;178;0
168;178;0
168;178;0
168;178;0
168;178;0
168;178;0
168;178;0
168;178;0
168;178;0
168;178;0
168;178;0
168;178;0
168;178;0
168;178;0
168;178;0
168;178;0
168;178;0
168;178;0
168;178;0
168;178;0
168;178;0
168;178;0
168;178;0
168;178;0
168;178;0
168;178;0
168;178;0
168;178;0
168;178;0
168;178;0
168;178;0
168;178;0
168;178;0
168;178;0
168;178;0
168;178;0
168;178;0
168;178;0
168;178;0
168;178;0
168;178;0
168;178;0
168;178;0
168;178;0
168;178;0
168;178;0
168;178;0
168;178;0
168;178;0
168;178;0
168;178;0
168;178;0
168;178;0
168;178;0
168;178;0
168;178;0
168;178;0
168;178;0
168;178;0
168;178;0
168;178;0
168;178;0
168;178;0
168;178;0
168;178;0
168;178;0
168;178;0
168;178;0
168;178;0
168;178;0
168;178;0
168;178;0
168;178;0
168;178;0
168;178;0
168;178;0
168;178;0
168;178;0
168;178;0
168;178;0
168;178;0
168;178;0
168;178;0
168;178;0
168;178;0
168;178;0
168;178;0
168;178;0
168;178;0
168;178;0
168;178;0
168;178;0
168;178;0
168;178;0
168;178;0
168;178;0
168;178;0
168;178;0
168;178;0
168;178;0
168;178;0
168;178;0
168;178;0
168;178;0
168;178;0
168;178;0
168;178;0
168;178;0
168;178;0
168;178;0
168;178;0
168;178;0
168;178;0
168;178;0
168;178;0
168;178;0
168;178;0
168;178;0
168;178;0
168;178;0
168;178;0
168;178;0
168;178;0
168;178;0
168;178;0
168;178;0
168;178;0
168;178;0
168;178;0
168;178;0
168;178;0
168;178;0
168;178;0
168;178;0
168;178;0
168;178;0
168;178;0
168;178;0
168;178;0
168;178;0
168;178;0
168;178;0
168;178;0
168;178;0
168;178;0
168;178;0
168;178;0
168;178;0
168;178;0
168;178;0
168;178;0
168;178;0
168;178;0
168;178;0
168;178;0
168;178;0
168;178;0
168;178;0
168;178;0
168;178;0
168;178;0
168;178;0
168;178;1
168;178;0
168;177;1
168;178;0
168;178;0
168;178;0
169;178;0
168;178;0
168;178;0
168;178;0
168;178;0
168;178;0
168;178;0
168;178;0
168;178;0
168;178;0
168;178;0
168;178;0
168;178;0
168;178;0
168;178;0
168;178;0
168;178;0
168;178;0
168;178;0
168;178;0
168;178;0
168;178;0
168;178;0
168;178;0
168;178;0
168;178;0
168;178;0
168;178;0
168;178;0
168;178;0
168;178;0
168;178;0
168;178;0
168;178;0
168;178;0
168;178;0
168;178;0
168;178;0
168;178;0
168;178;0
168;178;0
168;178;0
168;178;0
168;178;0
168;178;0
168;178;0
168;178;0
168;178;0
168;178;0
168;178;0
168;178;0
168;178;0
168;178;0
168;178;0
168;178;0
168;178;0
168;178;0
168;178;0
168;178;0
168;178;0
168;178;0
168;178;0
168;178;0
168;178;0
168;178;0
168;178;0
168;178;0
168;178;0
168;178;0
168;178;0
168;178;0
168;178;0
168;178;0
168;178;0
168;178;0
168;178;0
168;178;0
168;178;0
168;178;0
168;178;0
168;178;0
168;178;0
168;178;0
168;178;0
168;178;0
168;178;0
168;178;0
168;178;0
168;178;0
168;178;0
168;178;0
168;178;0
168;178;0
168;178;0
168;178;0
163;172;5
143;150;7
107;113;3
29;31;0
7;8;0
0;0;0
0;0;0
0;0;0
0;0;0
0;0;0
0;0;0
0;0;0
0;0;0
168;178;0
168;178;0
168;178;0
168;178;0
168;178;0
168;178;0
168;178;0
168;178;0
168;178;0
168;178;0
168;177;1
168;177;1
168;178;0
168;178;0
168;178;0
168;178;0
168;178;0
168;178;0
168;178;0
168;178;0
168;178;0
168;178;0
168;178;0
168;178;0
168;178;0
168;178;0
168;178;0
168;178;0
168;178;0
168;178;0
168;178;0
168;178;0
168;178;0
168;178;0
168;178;0
168;178;0
168;178;0
168;178;0
168;178;0
168;178;0
168;178;0
168;178;0
168;178;0
168;178;0
168;178;0
168;178;0
168;178;0
168;178;0
168;178;0
168;178;0
168;178;0
168;178;0
168;178;0
168;178;0
168;178;0
168;178;0
168;178;0
168;178;0
168;178;0
168;178;0
168;178;0
168;178;0
168;178;0
168;178;0
168;178;0
168;178;0
168;178;0
168;178;0
168;178;0
168;178;0
168;178;0
168;178;0
168;178;0
168;178;0
168;178;0
168;178;0
168;178;0
168;178;0
168;178;0
168;178;0
168;178;0
168;178;0
168;178;0
168;178;0
168;178;0
168;178;0
168;178;0
168;178;0
168;178;0
168;178;0
168;178;0
168;178;0
168;178;0
168;178;0
168;178;0
168;178;0
168;178;0
169;179;1
168;178;0
168;178;0
168;178;0
168;178;0
168;178;0
169;179;1
168;178;0
168;178;0
168;178;0
168;178;0
168;178;0
168;178;0
168;178;0
168;178;0
168;178;0
168;178;0
169;179;1
168;178;0
168;178;0
168;178;0
168;178;0
168;178;0
168;178;0
168;178;0
168;178;0
168;178;0
168;178;0
168;178;0
168;178;0
168;178;0
168;178;0
168;178;0
168;178;0
169;179;1
168;178;0
168;178;0
168;178;0
168;178;0
168;178;0
168;178;0
168;178;0
168;178;0
168;178;0
168;178;0
168;178;0
168;178;0
168;178;0
168;178;0
168;178;0
168;178;0
168;178;0
168;178;0
168;178;0
168;178;0
168;178;0
168;178;0
168;178;0
168;178;0
168;178;0
168;178;0
168;178;0
168;178;0
168;178;0
168;178;0
168;178;0
168;178;0
168;178;0
168;178;0
168;178;0
168;178;0
168;178;0
168;178;0
168;178;0
168;178;0
168;178;0
168;178;0
168;178;0
168;178;0
168;178;0
168;178;0
168;178;0
168;178;0
168;178;0
168;178;0
168;178;0
168;178;0
168;178;0
168;178;0
168;178;0
168;178;0
168;178;0
168;178;0
168;178;0
168;178;0
168;178;0
168;178;0
168;178;0
168;178;0
168;178;0
168;178;0
168;178;0
168;178;0
168;178;0
168;178;0
