168,178,0
168,178,0
168,178,0
168,178,0
168,178,0
168,178,0
168,178,0
168,178,0
168,178,0
168,178,0
168,178,0
168,178,0
168,178,0
168,178,0
168,178,0
168,178,0
168,178,0
168,178,0
168,178,0
168,178,0
168,178,0
168,178,0
168,178,0
168,178,0
168,178,0
168,178,0
168,178,0
168,178,0
168,178,0
168,178,0
168,178,0
168,178,0
168,178,0
168,178,0
168,178,0
168,178,0
168,178,0
168,178,0
168,178,0
168,178,0
168,178,0
168,178,0
168,178,0
168,178,0
168,178,0
168,178,0
168,178,0
168,178,0
168,178,0
168,178,0
168,178,0
168,178,0
168,178,0
168,178,0
168,178,0
168,178,0
168,178,0
168,178,0
168,178,0
168,178,0
168,178,0
168,178,0
168,178,0
168,178,0
168,178,0
168,178,0
168,178,0
168,178,0
168,178,0
168,178,0
168,178,0
168,178,0
168,178,0
168,178,0
168,178,0
168,178,0
168,178,0
168,178,0
168,178,0
168,178,0
168,178,0
168,178,0
168,178,0
168,178,0
168,178,0
168,178,0
168,178,0
168,178,0
168,178,0
168,178,0
168,178,0
168,178,0
168,178,0
168,178,0
168,178,0
168,178,0
168,178,0
168,178,0
168,178,0
168,178,0
168,178,0
168,178,0
168,178,0
168,178,0
168,178,0
168,178,0
168,178,0
168,178,0
168,178,0
168,178,0
168,178,0
168,178,0
168,178,0
168,178,0
168,178,0
168,178,0
168,178,0
168,178,0
168,178,0
168,178,0
168,178,0
168,178,0
168,178,0
168,178,0
168,178,0
168,178,0
168,178,0
168,178,0
168,178,0
168,178,0
168,178,0
168,178,0
168,177,1
169,178,3
169,178,3
170,179,6
172,180,12
173,182,18
176,185,27
178,187,33
181,188,41
187,194,55
190,197,66
195,201,77
199,206,96
203,209,107
208,212,117
212,215,127
218,221,144
223,224,155
227,227,165
229,230,176
236,236,193
237,237,200
241,242,209
246,245,224
247,246,230
248,249,236
249,250,240
251,251,245
252,252,248
252,254,252
252,254,253
254,255,255
254,255,255
254,255,255
254,255,255
254,255,255
254,255,255
254,255,255
254,255,255
254,255,255
254,255,255
254,255,255
254,255,255
254,255,255
254,255,255
254,255,255
254,255,255
254,255,255
254,255,255
254,255,255
254,255,255
254,255,255
254,255,255
254,255,255
254,255,255
254,255,255
254,255,255
254,255,255
254,255,255
254,255,255
254,255,255
254,255,255
254,255,255
254,255,255
254,255,255
254,255,255
254,254,255
254,254,255
254,254,255
254,254,255
254,254,255
254,254,255
254,254,255
254,254,255
254,254,255
254,254,255
254,254,255
254,254,255
254,254,255
254,254,255
254,254,255
254,254,255
254,255,255
253,255,255
253,254,255
253,254,255
254,254,255
254,254,255
254,254,255
253,254,255
252,255,255
252,255,255
253,255,255
254,255,254
254,255,254
254,255,254
254,254,255
254,254,255
254,254,255
254,255,255
254,255,255
254,255,255
254,255,255
254,255,255
254,255,255
254,255,255
254,255,255
254,255,255
254,255,255
252,253,253
254,255,255
254,255,255
254,255,255
254,255,255
254,255,255
254,255,255
254,255,255
254,255,255
254,255,255
254,255,255
254,255,255
254,255,255
254,255,255
254,255,255
254,255,255
254,255,255
254,255,255
254,255,255
254,255,255
254,255,255
254,255,255
254,255,255
254,255,255
254,255,255
254,255,255
254,255,255
254,255,255
254,255,255
254,255,255
254,255,254
255,255,255
254,255,255
254,255,254
254,255,255
254,255,255
254,255,255
254,255,255
254,255,255
254,255,255
254,255,255
254,255,255
254,255,255
254,255,255
254,255,255
254,255,255
254,255,255
254,255,255
254,255,255
254,255,255
254,255,255
254,255,255
254,255,255
254,255,255
254,255,255
254,255,255
254,255,255
254,255,255
254,255,255
254,255,255
254,255,255
254,255,255
254,255,255
254,254,255
254,254,255
254,254,255
254,255,255
254,255,255
254,255,255
254,255,255
254,255,255
254,255,255
254,255,255
254,255,255
254,255,255
254,255,255
254,255,255
254,255,255
254,255,255
254,255,255
254,255,255
254,255,255
254,255,255
254,255,255
254,255,255
254,255,255
254,255,255
254,255,255
254,255,255
254,255,255
254,255,255
254,255,255
254,255,255
254,255,255
254,255,255
254,255,255
254,254,255
254,255,255
254,255,255
254,255,255
254,255,255
254,255,255
254,255,255
254,255,255
254,255,255
254,255,255
254,255,255
254,255,255
254,255,255
254,255,255
254,255,255
254,255,255
254,255,255
254,255,255
254,255,255
254,255,255
254,255,255
254,255,255
254,255,255
254,255,255
254,255,255
254,255,255
254,255,255
254,255,255
254,255,255
254,255,255
254,255,255
254,255,255
254,255,255
254,255,255
254,255,255
254,255,255
254,255,255
254,255,255
254,255,255
254,255,255
254,255,255
254,255,255
254,255,255
254,255,255
254,255,255
254,255,255
254,255,255
254,255,255
254,255,255
254,255,255
254,255,255
254,255,255
254,255,255
254,255,255
254,255,255
254,255,255
255,254,255
254,255,255
254,255,255
254,255,255
254,255,255
254,255,255
254,255,255
254,255,255
254,255,255
254,255,255
254,255,255
254,255,255
254,255,255
254,255,255
254,255,255
254,255,255
254,255,255
254,255,255
254,255,255
254,255,255
254,255,255
254,255,255
254,255,255
254,255,255
254,255,255
254,255,255
254,255,255
254,255,255
254,255,254
254,255,254
254,255,254
252,253,253
252,254,252
251,253,250
250,252,247
247,248,235
245,246,225
239,242,213
234,237,198
229,232,179
214,219,140
207,212,117
201,206,96
193,199,73
186,193,52
182,189,39
177,185,26
172,181,14
171,180,8
169,178,4
168,177,2
168,177,1
168,178,0
168,178,0
168,178,0
168,178,0
168,178,0
168,178,0
168,178,0
168,178,0
168,178,0
168,178,0
168,178,0
168,178,0
168,178,0
168,178,0
168,178,0
168,178,0
168,178,0
168,178,0
168,178,0
168,178,0
168,178,0
168,178,0
168,178,0
168,178,0
168,178,0
168,178,0
168,178,0
168,178,0
168,178,0
168,178,0
168,178,0
168,178,0
168,178,0
168,178,0
168,178,0
168,178,0
168,178,0
168,178,0
168,178,0
168,178,0
168,178,0
168,178,0
168,178,0
168,178,0
168,178,0
168,178,0
168,178,0
168,178,0
168,178,0
168,178,0
168,178,0
168,178,0
168,178,0
168,178,0
168,178,0
168,178,0
168,178,0
168,178,0
168,178,0
168,178,0
168,178,0
168,178,0
168,178,0
168,178,0
168,178,0
168,178,0
168,178,0
168,178,0
168,178,0
168,178,0
168,178,0
168,178,0
254,255,254
254,255,254
254,255,254
254,255,254
254,255,255
254,255,255
254,255,255
254,255,255
254,255,255
254,255,255
254,255,255
254,255,255
254,255,255
254,255,255
254,254,255
252,253,254
254,255,255
254,255,255
254,255,255
254,255,255
254,255,255
254,255,255
254,255,255
254,255,255
254,255,255
254,255,255
254,255,255
254,255,255
254,255,255
254,255,255
254,255,255
254,255,255
254,255,255
254,255,255
254,255,255
254,255,255
254,255,255
254,255,255
254,255,255
254,255,255
252,253,253
254,255,255
254,255,255
254,255,255
254,255,255
254,255,255
254,255,255
254,255,255
254,255,255
254,255,255
254,255,255
254,255,255
254,255,255
254,255,255
254,255,255
252,253,253
254,255,255
254,255,255
254,255,255
254,255,255
254,255,255
254,255,255
254,255,255
254,255,255
254,255,255
254,255,255
254,255,255
254,255,255
254,255,255
254,255,255
254,255,255
254,255,255
254,255,255
254,255,255
254,255,255
