88576
88576
88576
88576
88576
88576
88576
88576
88576
88576
88576
88576
88576
88576
88576
88576
88576
88576
88576
88576
88576
88576
88576
88576
88576
88576
88576
88576
88576
88576
88576
88576
88576
88576
88576
88576
88576
88576
88576
88576
88576
88576
88832
88832
104448
116736
129280
189440
195328
195328
195584
195584
195584
195584
195584
195584
195584
195584
195584
195584
195584
195584
195584
195584
195584
195584
195584
195584
195584
195584
195584
195584
195584
195328
195328
195328
195584
195584
195584
195584
195584
195584
195584
195584
195584
195328
190720
183552
173568
150272
137216
127488
108544
99072
91648
88576
88576
88576
88576
88576
88576
88576
88576
88576
88576
88576
88576
88576
88576
88576
88576
88576
88576
88576
88576
88576
88576
88576
88576
88576
88576
88576
88576
88576
88576
88576
88576
88576
195328
195328
195584
195584
195584
195584
195584
195584
195584
195584
195584
195584
195584
195584
195584
195584
195584
195584
195584
195584
195584
195584
195584
195584
195584
195584
195584
195584
195584
195584
195584
195584
195584
195584
195584
195584
195584
195584
195584
195584
195584
195584
195584
195584
195584
195584
195584
195584
195584
195584
195584
195584
195584
195584
195584
195584
195584
195584
195584
195584
195584
195584
195584
195584
195584
195584
195584
195584
195584
195584
195328
195328
195328
195328
195328
195328
195328
195328
195328
195328
195328
195328
195328
195328
195328
195328
195584
195328
195072
195072
195328
195328
195328
195072
195072
195072
195328
195328
195328
195328
195328
195328
195328
195584
195584
195584
195584
195584
195584
195584
195584
195584
195584
194048
195584
195584
195584
195584
195584
195584
195584
195584
195584
195584
195584
195584
195584
195584
195584
195584
195584
195584
195584
195584
195584
195584
195584
195584
195584
195584
195584
195584
195584
195328
195840
195584
195328
195584
195328
195584
195584
195584
195584
195584
195584
195584
195584
195584
195584
195584
195584
195584
195584
195584
195584
194048
195584
195584
195328
195328
195328
195584
195840
195584
195584
195328
195328
195328
195328
195584
195584
195584
195584
195584
195584
195584
195584
195584
195584
195584
195584
195584
195584
195584
195584
195584
195584
195584
195584
195584
195584
195584
195584
195584
195584
195584
195584
195328
195328
195328
195584
195584
195584
195584
195584
195584
195584
195584
195584
195584
195584
195584
195584
195584
195584
195584
195584
195584
195584
195584
195584
195584
195584
195584
195584
195584
195584
195584
195584
195584
195584
195584
195584
195584
195584
195584
195584
195584
195584
195584
195584
195584
195584
195584
195584
195584
195584
195584
195584
195584
195584
195584
195584
195584
195584
195584
195584
195584
195584
195584
195584
195584
195584
195584
195584
195584
195584
195584
195584
195584
195584
195584
195584
195584
195584
195584
195584
195584
195584
195584
195584
195584
195584
195584
195584
195584
195584
195584
195584
195584
195584
195584
195584
195584
195584
195584
195584
195584
195584
195584
195584
195584
195584
195584
195584
195584
195584
195584
195584
195328
195072
195072
194048
194304
194304
192256
191232
188928
187392
183296
182272
179456
170752
168192
166144
157696
153600
149504
149504
144128
139008
128512
123392
113664
108288
103936
98304
95232
89856
89600
89600
88576
88576
88576
88576
88576
88576
88576
88576
88576
88576
88576
88576
88576
88576
88576
88576
88576
88576
88576
88576
88576
88576
88576
88576
88576
88576
88576
88576
88576
88576
88576
88576
88576
88576
88576
88576
88576
88576
195328
195328
195328
195328
195584
195584
195584
195584
195584
195584
195584
195584
195584
195584
195328
194304
195584
195584
195584
195584
195584
195584
195584
195584
195584
195584
195584
195584
195584
195584
195584
195584
195584
195584
195584
195584
195584
195584
195584
195584
194048
195584
195584
195584
195584
195584
195584
195584
195584
195584
195584
195584
195584
195584
195584
194048
195584
195584
195584
195584
195584
195584
195584
195584
195584
195584
195584
195584
195584
195584
195584
195584
195584
195584
195584
