107008
107008
107008
107008
107008
107008
107008
107008
107008
107008
107008
109312
110336
111872
113152
115200
116224
117760
117248
117248
117248
117248
117248
117248
117248
117248
117248
117248
117248
117248
117248
117248
117248
117248
117248
117248
117248
117248
117248
117248
117248
117248
117504
117504
115456
112128
108544
101888
98304
97280
90880
87808
88320
88576
88576
88576
88576
88576
88576
88576
88320
88320
88320
88576
88576
88576
88832
91136
95488
104704
108544
113408
118272
126208
128000
128256
128256
128256
128256
128256
128256
128256
128256
128256
128256
128256
128256
128256
128256
128256
128256
128256
128256
128256
128256
128256
128256
128256
128256
128256
128256
128256
128256
128256
128256
138496
191232
195840
195584
195584
195584
195584
195584
195584
195584
195584
195584
195584
195584
195584
195584
195584
195584
195584
195584
195584
195584
195584
195584
195584
195584
195584
195584
195584
195584
195584
195584
195584
195584
195584
195584
195584
195584
195584
195584
195584
195584
195584
195584
195584
195584
195584
195584
195584
195584
195584
195584
195584
195584
195584
195584
195584
195584
195584
195584
195584
195584
195584
195584
195584
195584
195584
195584
195584
195584
195584
195584
195584
195584
195584
195584
195584
195584
195584
195584
195584
195584
195584
195584
195584
195584
195584
195584
195584
195584
195584
195584
195584
195584
195584
195584
195584
195584
195584
195584
195584
195584
195584
195584
195584
195584
195584
195584
195584
195584
195584
195584
195584
195584
195584
195584
195584
195584
195584
195584
195584
195584
195584
195584
195584
195584
195584
195584
195584
195584
195584
195584
195584
195584
195584
195584
195584
195584
195584
195584
195584
195584
195584
195584
195584
195584
195584
195584
195584
195584
195584
195584
195584
195584
195584
195584
195584
195584
195584
195584
195584
195584
195584
195584
195584
195584
195584
195584
195584
195584
195584
195584
195584
195584
195584
195584
195584
194816
193536
167680
167680
101632
103168
105984
111104
114944
118016
121856
125184
126720
128256
128256
128256
128256
128256
128256
128256
128256
128512
128256
128512
128256
128512
128512
128512
128256
128512
128256
128256
128256
128256
128256
128256
128256
128256
128256
128256
128256
128256
128256
128256
128256
128256
128256
128256
128256
128256
128000
127488
125440
124672
123392
121088
120064
119040
118784
116736
115456
113920
111872
110592
109568
107520
107264
107008
107008
106496
107008
107008
107008
107008
107008
107008
107008
107008
107008
107008
106496
106496
106496
107008
107008
107008
107008
107008
107008
107008
107008
107008
107008
107008
106752
107520
108288
108544
110080
109824
110848
111616
111872
113152
113152
113920
114944
114944
195072
195584
195584
195584
195584
195584
195584
195584
195584
195584
195584
195584
195584
195584
195584
195584
195584
195584
195584
195584
195584
195584
195584
195584
195584
195584
195584
195584
195584
195584
195584
195584
195584
195584
195584
195584
195584
195584
195584
195584
195584
195584
195584
195584
195584
195584
195584
195584
195584
195584
195584
195584
195584
195584
195584
195584
195584
195584
195584
195584
195584
195584
195584
195584
195584
195584
195584
195584
195584
195584
195584
195584
195584
195584
195584
195584
195584
195584
195584
195584
195584
195584
195584
195584
195584
195584
195584
195584
195584
195584
195584
195584
195584
195584
195584
195584
195584
195584
195584
195584
195584
195584
195584
195584
195584
195584
195584
195584
195584
195584
195584
195584
195584
195584
195584
195584
195584
195584
195584
195584
195584
195584
195584
195584
195584
195584
195584
95488
94720
92160
90624
88832
88576
88576
88576
88576
88576
88576
88576
88576
88576
88320
88320
88576
88576
88576
88576
88576
88576
88576
88576
88576
88576
88576
88320
88064
90112
91648
92160
94976
95744
96256
97792
100096
100864
101376
102400
105984
106240
108800
110336
111104
112640
114688
115456
115200
115200
115200
115200
115200
115200
114944
114944
114944
118016
124416
156416
195584
195584
195584
195584
195584
195584
195584
195584
195584
195584
195584
195584
195584
195584
195584
