106752
106752
107008
107008
107008
107008
107008
107008
107008
107008
107008
107008
107008
107008
107008
107008
107008
107008
107008
107008
107008
107008
107008
107008
108544
109056
109824
111360
113408
114432
115968
117248
117248
117248
117248
117248
117248
117248
117248
117248
117248
117248
117248
117248
117248
116480
117248
117248
117248
118272
117248
117248
117248
117248
117248
117504
117504
117504
116992
113920
106752
103936
101120
96256
92672
89856
88320
88320
88576
88576
88576
88576
88576
88576
88576
88576
88576
88576
88576
88576
88576
90624
98304
101888
106752
110336
119808
123904
127744
128256
128256
128256
128256
128256
128256
128256
128256
128256
128256
128256
128256
128256
128256
128256
128256
128256
128256
128512
170240
195584
195584
195584
195584
195584
195584
195584
195584
195584
195584
195584
195584
195584
195584
195584
195584
195584
195584
195584
195584
195584
195584
195584
195584
195584
195584
195584
195584
195584
195584
195584
195584
195584
195584
195584
195584
195584
195584
195584
195584
195584
195584
195584
195584
195584
195584
195584
195584
195584
195584
195584
195584
195584
195584
195584
195584
195584
195584
195584
195584
195584
195584
195584
195584
195584
195584
195584
195584
195584
195584
195584
195584
195584
195584
195584
195584
195584
195584
195584
195584
195584
195584
195584
195584
195584
195584
195584
195584
195584
195584
195584
195584
195584
195584
195584
195584
195584
195584
195584
195584
195584
195584
195584
195584
195584
195584
195584
195584
195584
195584
195584
195584
195584
195584
195584
195584
195584
195584
195584
195584
195584
195584
195584
195584
195584
195584
195584
195584
195584
195584
195584
195584
195584
195584
195584
195584
195584
195584
195584
195584
195584
195584
195584
195584
195584
195584
195584
195584
195584
195584
195584
195584
195584
195584
195584
195584
195584
195584
195584
195584
195584
195584
195584
195584
195584
195584
195584
195584
195584
195584
195584
195584
195584
195584
195328
177152
177152
128256
128256
128256
128256
128256
128256
128256
128256
128256
127232
128256
128256
128256
128256
129280
128000
127744
126208
124672
123136
122112
119808
120064
116736
115456
114944
113664
111872
109312
109312
107520
107008
107008
107008
107008
107008
107008
107008
107008
107008
107008
107008
107008
107008
107008
107008
107008
107008
107008
107008
107008
107008
107008
107008
107008
107008
107008
107008
106752
106496
106752
108800
109056
109824
109824
110592
111616
111872
113152
113408
113920
114688
115456
115968
116736
117248
117248
117248
117248
117248
117248
117248
117248
117248
117248
117248
117248
117248
117248
117248
117248
117248
117248
117248
117504
117248
117504
117248
117248
117248
116480
117248
117248
115968
193792
195584
195584
195584
195584
195584
195584
195584
195584
195584
195584
195584
195584
195584
195584
195584
195584
195584
195584
195584
195584
195584
195584
195584
195584
195584
195584
195584
195584
195584
195584
195584
195584
195584
195584
195584
195584
195584
195584
195584
195584
195584
195584
195584
195584
195584
195584
195584
195584
195584
195584
195584
195584
195584
195584
195584
195584
195584
195584
195584
195584
195584
195584
195584
195584
195584
195584
195584
195584
195584
195584
195584
195584
195584
195584
195584
195584
195584
195584
195584
195584
195584
195584
195584
195584
195584
195584
195584
195584
195584
195584
195584
195584
195584
195584
195584
195584
195584
195584
195584
195584
195584
195584
195584
195584
195584
195584
195584
195584
195584
195584
195584
195584
195584
195584
195584
195584
195584
195584
195584
195584
195584
195584
195584
195584
195584
195584
128256
128256
128256
128256
128256
128256
128256
128256
128256
128256
128256
128256
128256
128256
128256
128256
128256
128256
128256
128256
128256
128256
128512
128768
128512
127232
126720
123904
121856
120320
116992
114944
112896
111360
108800
107008
104960
103168
101376
99584
96512
93440
92928
90368
89088
88832
88576
88832
88832
88576
88576
88576
88576
88576
88576
88576
88576
88576
88576
89856
80384
5632
0
256
0
0
0
0
0
0
0
0
0
0
0
