128256
128256
128256
128256
128256
128256
128256
128256
128256
128256
128256
128256
128000
128000
128256
128256
128256
128256
127744
126208
123648
118784
117248
114944
109824
107776
107520
106752
106752
106752
106752
107008
107008
107008
107008
107008
107008
107008
107008
107008
107008
107008
107008
107008
107008
107008
107008
107008
107008
107008
107008
107008
107008
107776
109056
109824
111360
113152
114688
115456
117248
117248
117248
117248
117248
117248
117248
117248
117248
117248
117248
117248
117248
117248
117248
117248
117248
117248
117248
117248
116480
117248
117248
117248
117248
117248
117504
116736
112128
107008
103936
100096
94720
91904
88320
88576
88576
88576
88576
88576
88576
88576
88576
88576
88576
88576
88576
88576
88576
88576
88576
88832
91904
141568
190464
195584
195584
195584
195584
195584
195584
195584
195584
195584
195584
195584
195584
195584
195584
195584
195584
195584
195584
195584
195584
195584
195584
195584
195584
195584
195584
195584
195584
195584
195584
195584
195584
195584
195584
195584
195584
195584
195584
195584
195584
195584
195584
195584
195584
195584
195584
195584
195584
195584
195584
195584
195584
195584
195584
195584
195584
195584
195584
195584
195584
195584
195584
195584
195584
195584
195584
195584
195584
195584
195584
195584
195584
195584
195584
195584
195584
195584
195584
195584
195584
195584
195584
195584
195584
195584
195584
195584
195584
195584
195584
195584
195584
195584
195584
195584
195584
195584
195584
195584
195584
195584
195584
195584
195584
195584
195584
195584
195584
195584
195584
195584
195584
195584
195584
195584
195584
195584
195584
195584
195584
195584
195584
195584
195584
195584
195584
195584
195584
195584
195584
195584
195584
195584
195584
195584
195584
195584
195584
195584
195584
195584
195584
195584
195584
195584
195584
195584
195584
195584
195584
195584
195584
195584
195584
195584
195584
195584
195584
195584
195584
195584
195584
195584
195584
195584
195584
195584
194304
192256
168704
169472
113920
109056
109824
109824
110592
110848
111616
112384
113408
113408
114176
114944
115968
117760
117504
117504
117248
117248
117248
117248
117248
117504
117504
117504
117248
117248
117248
117248
117248
116992
116992
117248
117248
117248
117248
117248
117248
117248
117248
117248
117248
117248
116480
116736
114944
113664
110848
109312
105984
104704
104192
100608
98816
97280
95232
93952
90624
89088
88576
88576
88576
88576
88576
88576
88576
88576
88576
88576
88576
88576
88064
88576
88576
88576
88576
88576
88576
88576
90624
93440
95232
99072
101888
105472
107264
110080
113408
115456
118528
121344
123648
127232
128256
128256
128256
128256
128000
128000
128256
128256
128256
128256
128256
128256
194048
195584
195584
195584
195584
195584
195584
195584
195584
195584
195584
195584
195584
195584
195584
195584
195584
195584
195584
195584
195584
195584
195584
195584
195584
195584
195584
195584
195584
195584
195584
195584
195584
195584
195584
195584
195584
195584
195584
195584
195584
195584
195584
195584
195584
195584
195584
195584
195584
195584
195584
195584
195584
195584
195584
195584
195584
195584
195584
195584
195584
195584
195584
195584
195584
195584
195584
195584
195584
195584
195584
195584
195584
195584
195584
195584
195584
195584
195584
195584
195584
195584
195584
195584
195584
195584
195584
195584
195584
195584
195584
195584
195584
195584
195584
195584
195584
195584
195584
195584
195584
195584
195584
195584
195584
195584
195584
195584
195584
195584
195584
195584
195584
195584
195584
195584
195584
195584
195584
195584
195584
195584
195584
195584
195584
195584
195584
107008
107008
107008
107008
107008
107008
107008
107008
107008
107008
107008
107008
107008
107008
107008
107008
107008
107008
107008
107008
107008
107008
107008
107008
107008
107008
107008
107008
107008
107008
107008
107008
107008
107008
107520
107520
109568
110080
111104
112384
114688
115968
116480
118272
118528
119808
120832
122112
123392
124672
127488
128512
128000
128256
128256
128256
128256
128256
128256
128256
128256
128256
128512
128512
126976
20992
0
0
0
0
0
0
0
0
0
