168;178;0
168;177;2
167;175;15
168;175;32
168;174;49
169;173;86
168;172;103
168;171;121
169;170;153
169;169;162
168;167;166
168;167;166
168;167;166
168;168;165
168;168;165
168;168;165
168;168;165
168;168;165
168;168;165
168;168;165
168;168;165
168;168;164
168;168;164
168;168;165
168;168;165
168;168;165
168;168;165
168;168;165
168;168;165
168;168;165
168;168;165
168;168;165
168;168;165
168;168;165
168;168;165
168;168;165
168;168;165
167;168;165
168;168;165
168;168;165
168;168;165
167;168;165
168;169;167
168;167;166
168;167;166
169;168;165
170;168;165
162;167;169
151;168;177
132;167;187
96;165;205
77;164;214
58;164;224
24;164;243
12;163;249
4;163;253
0;163;255
0;163;255
0;163;255
0;163;255
0;163;255
0;163;255
0;163;255
0;162;255
0;162;255
0;163;255
0;163;255
0;163;255
0;163;255
0;163;255
0;163;255
0;163;255
0;163;255
0;163;255
0;163;255
0;163;255
0;163;255
0;163;255
0;163;255
0;163;255
0;163;255
0;163;255
0;170;253
0;175;251
0;181;248
0;188;247
0;199;242
0;206;241
0;213;240
0;220;237
0;220;238
0;220;238
0;220;238
0;220;238
0;220;238
0;220;238
0;218;237
0;220;238
0;219;239
0;218;239
0;218;239
0;218;238
0;220;239
0;220;238
0;220;238
0;219;239
0;219;239
0;220;239
0;220;238
1;220;238
1;220;238
1;219;239
0;219;239
0;220;239
0;220;238
6;220;236
13;217;227
74;221;226
255;254;253
255;255;254
254;255;254
254;255;255
254;255;255
254;255;255
254;255;255
254;255;255
254;255;255
254;255;255
254;255;255
254;255;255
254;255;255
254;255;255
254;255;255
254;255;255
254;255;255
254;255;255
254;255;255
254;255;255
254;255;255
254;255;255
254;255;255
254;255;255
254;255;255
254;255;255
254;255;255
254;255;255
254;255;255
254;255;255
254;255;255
254;255;255
254;255;255
254;255;255
254;255;255
254;255;255
254;255;255
254;255;255
254;255;255
254;255;255
254;255;255
254;255;255
254;255;255
254;255;255
254;255;255
254;255;255
254;255;255
254;255;255
254;255;255
254;255;255
254;255;255
254;255;255
254;255;255
254;255;255
254;255;255
254;255;255
254;255;255
254;255;255
254;255;255
254;255;255
254;255;255
254;255;255
254;255;255
254;255;255
254;255;255
254;255;255
254;255;255
254;255;255
254;255;255
254;255;255
254;255;255
254;255;255
254;255;255
254;255;255
254;255;255
254;255;255
254;255;255
254;255;255
254;255;255
254;255;255
254;255;255
254;255;255
254;255;255
254;255;255
254;255;255
254;255;255
254;255;255
254;255;255
254;255;255
254;255;255
254;255;255
254;255;255
254;255;255
254;255;255
254;255;255
254;255;255
254;255;255
254;255;255
254;255;255
254;255;255
254;255;255
254;255;255
254;255;255
254;255;255
254;255;255
254;255;255
254;255;255
254;255;255
254;255;255
254;255;255
254;255;255
254;255;255
254;255;255
254;255;255
254;255;255
254;255;255
254;255;255
254;255;255
254;255;255
254;255;255
254;255;255
254;255;255
254;255;255
254;255;255
254;255;255
254;255;255
254;255;255
254;255;255
254;255;255
254;255;255
254;255;255
254;255;255
254;255;255
254;255;255
254;255;255
254;255;255
254;255;255
254;255;255
254;255;255
254;255;255
254;255;255
254;255;255
254;255;255
254;255;255
254;255;255
254;255;255
254;255;255
254;255;255
254;255;255
254;255;255
254;255;255
254;255;255
254;255;255
254;255;255
254;255;255
254;255;255
254;255;255
254;255;255
254;255;255
254;255;255
254;255;255
254;255;255
254;255;255
254;255;255
253;255;252
253;255;248
217;239;199
226;238;192
144;173;52
158;181;9
163;178;0
167;178;0
168;178;0
168;178;0
168;178;0
168;178;0
168;178;0
168;178;0
168;178;0
168;178;0
168;178;0
168;178;0
168;178;0
168;178;0
168;178;0
168;178;0
168;178;0
168;178;0
168;178;0
168;178;0
168;178;0
168;177;1
167;176;5
169;177;14
168;175;31
169;175;41
168;173;60
168;173;70
168;172;79
170;171;97
170;172;108
169;170;124
169;169;133
169;169;144
167;167;158
168;168;163
168;168;165
168;168;165
168;168;165
168;168;165
168;168;165
168;168;165
168;168;165
168;168;165
168;168;165
168;168;165
168;168;165
168;168;165
168;168;165
168;168;165
168;168;165
168;168;165
168;168;165
168;168;164
168;168;165
168;168;165
168;168;165
168;168;165
168;168;165
168;168;165
168;168;165
168;168;165
168;168;165
168;168;165
168;168;165
168;168;165
168;168;165
168;168;165
168;168;165
168;168;165
168;168;165
168;168;165
168;168;165
168;168;165
168;168;165
165;167;167
151;167;174
140;166;180
131;166;185
112;165;194
106;167;200
85;165;212
75;165;217
66;165;221
47;164;230
37;163;235
18;164;245
9;162;249
4;163;253
0;163;255
0;163;255
0;163;255
0;163;255
0;163;254
0;163;255
0;163;255
0;163;255
0;163;255
0;163;255
0;163;255
0;163;255
0;163;255
254;255;254
254;255;255
254;255;255
254;255;255
254;255;255
254;255;255
254;255;255
254;255;255
254;255;255
254;255;255
254;255;255
254;255;255
254;255;255
254;255;255
254;255;255
254;255;255
254;255;255
254;255;255
254;255;255
254;255;255
254;255;255
254;255;255
254;255;255
254;255;255
254;255;255
254;255;255
254;255;255
254;255;255
254;255;255
254;255;255
254;255;255
254;255;255
254;255;255
254;255;255
254;255;255
254;255;255
254;255;255
254;255;255
254;255;255
254;255;255
254;255;255
254;255;255
254;255;255
254;255;255
254;255;255
254;255;255
254;255;255
254;255;255
254;255;255
254;255;255
254;255;255
254;255;255
254;255;255
254;255;255
254;255;255
254;255;255
254;255;255
254;255;255
254;255;255
254;255;255
254;255;255
254;255;255
254;255;255
254;255;255
254;255;255
254;255;255
254;255;255
254;255;255
254;255;255
254;255;255
254;255;255
254;255;255
254;255;255
254;255;255
254;255;255
254;255;255
254;255;255
254;255;255
254;255;255
254;255;255
254;255;255
254;255;255
254;255;255
254;255;255
254;255;255
254;255;255
254;255;255
254;255;255
254;255;255
254;255;255
254;255;255
254;255;255
254;255;255
254;255;255
254;255;255
254;255;255
254;255;255
254;255;255
254;255;255
254;255;255
254;255;255
254;255;255
254;255;255
254;255;255
254;255;255
254;255;255
254;255;255
254;255;255
254;255;255
254;255;255
254;255;255
254;255;255
254;255;255
254;255;255
254;255;255
254;255;255
254;255;255
254;255;255
254;255;255
254;255;255
254;255;255
254;255;255
254;255;255
254;255;255
254;255;255
254;255;255
254;255;255
89;197;114
79;199;126
70;203;140
60;205;153
50;207;166
41;209;180
31;210;193
22;214;207
13;216;219
5;218;230
1;220;237
0;220;237
0;220;238
1;220;238
1;220;238
1;220;238
1;220;238
1;220;238
1;220;238
1;220;238
0;220;238
0;220;238
0;220;238
0;220;238
1;220;238
1;220;238
1;220;238
1;220;238
0;220;238
0;220;238
0;220;238
0;220;238
0;220;238
0;220;238
0;220;238
0;220;238
0;220;238
0;220;238
0;220;238
0;220;238
0;220;238
0;220;238
0;220;238
0;220;238
0;220;238
0;220;238
0;220;238
0;220;238
0;220;239
0;218;238
0;213;239
0;208;239
0;206;242
0;202;243
0;199;243
0;197;244
0;193;245
0;192;246
0;191;246
0;191;246
0;192;246
0;191;246
0;191;247
0;191;247
0;191;246
0;192;246
4;192;243
15;192;240
44;174;209
0;5;17
0;0;0
0;0;0
0;0;0
0;0;0
0;0;0
