0,163,255
0,163,255
0,163,255
0,163,255
0,163,255
0,163,255
0,163,255
0,163,255
0,163,255
0,163,255
0,163,255
0,163,254
0,163,254
0,164,252
0,167,251
0,181,250
0,188,248
0,194,244
0,209,240
1,216,240
1,219,240
0,220,238
0,220,238
0,220,238
0,220,238
0,220,238
0,220,238
0,220,238
0,220,238
0,220,238
0,220,238
0,220,238
0,220,238
0,220,238
0,220,238
0,220,238
0,220,238
0,220,238
0,220,238
0,220,238
0,220,238
0,220,238
0,220,238
0,220,238
0,220,238
0,220,238
0,220,238
8,220,230
20,216,212
40,211,184
79,200,126
99,195,98
120,189,70
155,179,16
165,177,2
168,178,1
169,178,0
168,178,0
168,178,0
168,178,0
168,178,0
169,178,0
169,178,0
168,178,0
168,178,0
168,178,0
168,178,0
168,178,0
168,178,0
167,177,2
168,177,7
168,177,20
167,175,41
168,173,80
169,172,101
168,169,121
170,169,159
168,168,165
168,168,165
169,168,165
169,168,165
168,168,165
168,168,165
168,168,165
168,168,165
168,168,165
168,168,165
168,168,165
168,168,165
168,168,165
168,168,165
168,168,165
168,168,165
168,168,165
168,168,165
168,168,165
168,168,165
168,168,165
168,168,165
168,168,165
168,168,165
168,168,165
168,168,165
168,168,165
168,168,165
168,168,165
168,168,165
168,168,165
168,168,165
168,168,165
168,168,165
168,168,165
168,168,165
168,168,165
168,168,165
164,167,168
156,167,172
142,166,179
101,165,201
80,165,210
61,165,222
23,164,243
6,162,250
0,163,255
40,166,236
209,247,255
255,255,253
255,255,254
40,218,231
65,216,219
31,219,224
43,211,203
69,204,159
84,198,118
84,198,118
112,193,82
134,185,46
154,179,16
165,178,1
167,178,0
168,178,0
168,178,0
168,178,0
168,178,0
168,178,0
168,178,0
168,178,0
168,178,0
168,178,0
168,178,0
168,178,0
168,178,0
168,178,0
168,178,0
168,178,0
168,178,0
168,178,0
168,178,0
168,178,0
168,178,0
168,178,0
168,178,0
168,178,0
168,178,0
168,178,0
168,178,0
168,178,0
168,178,0
168,178,0
168,177,2
172,180,13
179,186,29
188,194,57
203,208,107
225,229,176
255,255,240
253,254,255
253,255,255
254,255,255
254,255,255
254,255,255
254,255,255
254,255,255
254,255,255
254,255,255
254,255,255
254,255,255
254,255,255
254,255,255
254,255,255
254,255,255
254,255,255
254,255,255
254,255,255
254,255,255
254,255,255
254,255,255
254,255,255
254,255,255
254,255,255
254,255,255
254,255,255
254,255,255
254,255,255
254,255,255
254,255,255
254,255,255
254,255,255
254,255,255
254,255,255
254,255,255
254,255,255
254,255,255
254,255,255
254,255,255
254,255,255
254,255,255
254,255,255
254,255,255
254,255,255
254,255,255
254,255,255
254,255,255
254,255,255
254,255,255
254,255,255
254,255,255
254,255,255
254,255,255
254,255,255
254,255,255
254,255,255
254,255,255
254,255,255
254,255,255
254,255,255
254,255,255
254,255,255
254,255,255
254,255,255
254,255,255
254,255,255
254,255,255
254,255,255
254,255,255
254,255,255
254,255,255
254,255,255
254,255,255
254,255,255
254,255,255
254,255,255
254,255,255
254,255,255
254,255,255
254,255,255
254,255,255
254,255,255
254,255,255
254,255,255
254,255,255
254,255,255
254,255,255
254,255,255
254,255,255
254,255,255
254,255,255
254,255,255
254,255,255
254,255,255
254,255,255
254,255,255
254,255,255
254,255,255
254,255,255
254,255,255
254,255,255
254,255,255
254,255,255
254,255,255
254,255,255
254,255,255
251,254,255
244,254,255
178,231,255
178,231,255
32,164,238
0,163,255
0,163,255
0,163,255
0,163,255
0,163,255
0,163,255
0,163,255
0,163,255
0,163,255
0,163,255
0,163,255
0,163,255
0,168,253
0,172,252
1,177,251
0,184,248
0,189,248
0,197,243
0,202,242
0,206,241
0,215,240
1,219,240
0,220,238
0,220,239
0,219,239
0,220,239
0,220,238
0,220,238
0,220,238
0,220,238
0,220,238
0,220,238
0,220,238
0,220,238
0,220,238
0,220,238
0,220,238
0,220,238
0,220,238
0,220,238
0,220,238
0,220,238
0,220,238
0,220,238
0,218,237
0,220,238
0,220,238
0,220,238
0,220,238
0,220,238
0,218,237
0,220,238
0,220,238
0,220,238
0,220,237
6,219,232
13,217,221
37,211,186
51,208,167
63,203,147
90,198,112
102,194,93
127,188,57
140,185,40
152,181,21
165,177,3
168,178,0
168,178,0
168,178,0
168,178,0
168,178,0
168,178,0
168,178,0
168,178,0
168,178,0
168,178,0
168,178,0
168,178,0
168,178,0
168,178,0
168,178,0
167,177,0
168,178,0
168,178,0
168,178,0
168,178,0
168,178,0
167,177,0
168,178,0
168,177,1
168,176,11
170,177,24
168,174,34
168,174,63
169,173,76
169,172,101
169,170,112
169,170,125
169,169,151
170,169,160
168,167,166
168,168,166
168,168,165
248,255,255
254,255,255
254,255,255
254,255,255
254,255,255
254,255,255
254,255,255
254,255,255
254,255,255
254,255,255
254,255,255
254,255,255
254,255,255
254,255,255
254,255,255
254,255,255
254,255,255
254,255,255
254,255,255
254,255,255
254,255,255
254,255,255
254,255,255
254,255,255
254,255,255
254,255,255
254,255,255
254,255,255
254,255,255
254,255,255
254,255,255
254,255,255
254,255,255
254,255,255
254,255,255
254,255,255
254,255,255
254,255,255
254,255,255
254,255,255
254,255,255
254,255,255
254,255,255
254,255,255
254,255,255
254,255,255
254,255,255
254,255,255
254,255,255
254,255,255
254,255,255
254,255,255
254,255,255
254,255,255
254,255,255
254,255,255
254,255,255
254,255,255
254,255,255
254,255,255
254,255,255
254,255,255
254,255,255
254,255,255
254,255,255
254,255,255
254,255,255
254,255,255
254,255,255
254,255,255
254,255,255
254,255,255
254,255,255
254,255,255
254,255,255
254,255,255
254,255,255
254,255,255
254,255,255
254,255,255
254,255,255
254,255,255
254,255,255
254,255,255
254,255,255
254,255,255
254,255,255
254,255,255
254,255,255
254,255,255
254,255,255
254,255,255
254,255,255
254,255,255
254,255,255
254,255,255
254,255,255
254,255,255
254,255,255
254,255,255
254,255,255
254,255,255
254,255,255
254,255,255
254,255,255
254,255,255
254,255,255
254,255,255
254,255,255
254,255,255
254,255,255
254,255,255
254,255,255
254,255,255
254,255,255
254,255,255
254,255,255
254,255,255
254,255,255
254,255,255
254,255,255
254,255,255
254,255,255
254,255,255
254,255,255
254,255,255
254,255,255
0,163,255
0,163,255
0,163,255
0,163,255
0,163,255
0,163,255
0,163,255
0,163,255
0,163,255
0,163,255
0,163,255
0,163,255
0,163,255
0,163,255
0,163,255
0,163,255
0,163,255
0,163,255
0,163,255
0,163,255
0,163,255
0,163,255
0,163,254
4,163,254
10,162,249
23,164,243
33,163,236
45,164,230
58,164,224
72,165,218
98,165,204
111,165,198
124,166,192
137,167,185
150,168,177
159,167,170
166,169,168
170,169,167
168,168,165
168,168,165
168,168,165
168,168,165
168,168,165
168,168,165
168,168,165
168,168,165
168,168,165
168,168,165
168,168,165
168,168,165
168,168,165
168,168,165
168,168,165
168,168,165
168,168,165
168,168,165
168,168,165
168,168,165
168,168,165
168,168,165
168,168,165
168,168,165
168,168,165
168,168,165
168,168,165
168,168,165
168,168,165
168,168,165
168,168,165
168,168,165
168,168,165
168,168,165
168,168,165
168,168,166
167,166,165
