128256
128256
128256
128256
126976
121344
121088
118016
111616
108544
107264
107008
107008
106752
106752
106752
107008
107008
107008
107008
107008
107008
107008
107008
107008
106752
106752
106752
107008
107008
107008
107008
107008
107008
107008
107008
107008
106752
107520
108288
111360
112384
113664
115456
117248
117248
117248
117248
117248
117248
117248
117248
117248
117248
117504
117504
117504
117504
117504
117248
117248
117248
117248
117248
117248
117248
117248
117248
117248
117248
117504
117504
117504
110848
107008
103424
95232
91648
87808
88320
88576
88576
88576
88576
88576
88576
88576
88576
88576
88576
88576
90112
88576
88576
88832
92928
97536
102400
113408
118784
123648
128000
128512
128256
128256
128256
128256
128256
128256
128256
128256
128256
128256
128256
128256
128256
128256
128256
128256
128256
128256
128256
128256
128256
128256
128256
128256
129536
125440
129280
121088
122880
121600
117504
117504
117248
117504
117248
117248
117248
117248
117248
117504
117504
117248
117504
117504
117248
117248
117248
117248
116992
117248
117248
117248
117248
117248
117248
117248
117248
116480
111104
107008
104192
98816
96000
92672
88576
88576
88576
88576
88576
88576
88576
88576
88576
88576
88576
88576
88576
88576
88576
88576
88576
88576
88576
88576
88576
88576
88576
88576
88576
88576
88576
88576
88576
88576
88576
88576
88576
88576
88576
88576
89088
88576
89344
94720
103168
111872
120320
129024
137984
164864
191232
194304
195584
195584
195584
195584
195584
195584
195584
195584
195584
195584
195584
195584
195584
195584
195584
195584
195584
195584
195584
195584
195584
195584
195584
195584
195584
195584
195584
195584
195584
195584
195584
195584
195584
195584
195584
195584
195584
195584
195584
195584
195584
195584
195584
195584
195584
195584
195584
195584
195584
195584
195584
195584
195584
195584
195584
195584
195584
195584
195584
195584
195584
195584
195584
195584
195584
195584
195584
194304
192000
172800
172800
125440
117760
117760
117504
117504
117504
117504
117504
117248
117248
117248
117248
117248
117248
117504
117504
117504
117248
117248
117248
117248
117760
116480
111616
108544
105728
100608
98560
93696
90368
88576
88576
88576
88576
88576
88576
89088
88320
88320
88320
88320
88320
89088
88320
88320
88320
88320
88576
88576
88576
88576
88576
88576
88576
88832
88832
91904
94976
101376
105472
108800
114944
118528
125184
126976
128256
128256
128256
128256
128000
128000
128256
128256
128256
128256
128256
128256
128256
128256
128256
128256
128256
128256
128256
128256
128256
128256
128256
128256
128256
128256
128256
128256
128256
128256
128256
128256
128256
128256
128256
128256
128256
128256
128256
194560
195584
195584
195584
195584
195584
195584
195584
195584
195584
195584
195584
195584
195584
195584
195584
195584
195584
195584
195584
195584
195584
195584
195584
195584
195584
195584
195584
195584
195584
195584
195584
195584
195584
195584
195584
195584
195584
195584
195584
195584
195584
195584
195584
195584
195584
195584
195584
195584
195584
195584
195584
195584
195584
195584
195584
195584
195584
195584
195584
195584
195584
195584
195584
195584
195584
195584
195584
195584
195584
195584
195584
195584
195584
195584
195584
195584
195584
195584
195584
195584
195584
195584
195584
195584
195584
195584
195584
195584
195584
195584
195584
195584
195584
195584
195584
195584
195584
195584
195584
195584
195584
195584
195584
195584
195584
195584
195584
195584
195584
195584
195584
195584
195584
195584
195584
195584
195584
195584
195584
195584
195584
195584
195584
195584
195584
195584
117248
117248
117248
117248
117248
117248
117248
117248
117248
117248
117248
117248
117248
116992
116480
115200
114432
113408
112384
112128
110592
109568
108544
108032
106752
106752
107008
107008
107008
107008
107008
107008
107008
107008
107008
107008
107008
107008
107008
107008
107008
107008
107008
107008
107008
107008
107008
107008
107008
107008
107008
107008
107008
107008
107008
107008
107008
107008
106496
106496
107008
107008
107008
107008
107008
107008
107008
107008
107008
107008
107008
107008
107008
107008
107008
