128256
128256
128256
128256
128256
128256
128256
128256
128256
128256
128256
128512
128256
128256
128512
127232
125952
122880
116992
113408
109824
107264
107008
107008
107008
107008
107008
107008
107008
107008
107008
107008
107008
107008
107008
107008
106752
106752
107008
107008
106752
107008
107008
107008
107008
107008
107008
107008
107008
107008
108288
109568
111616
113920
115968
117504
117504
117504
117504
117248
117248
117248
117248
117248
117248
117248
117248
117248
117248
117248
117248
117248
117248
117248
117248
117248
117248
117248
117504
117248
117248
117248
117504
118016
116736
111872
105216
100352
96256
88064
88064
88576
88576
88576
88576
88576
88576
88576
88576
88576
88576
88576
88576
88576
88576
88576
89088
92160
102400
108288
113152
123392
127744
128000
128256
128256
128256
128256
128256
128256
128256
128256
128256
128256
128256
128256
128256
128512
125184
128768
120832
122880
121344
117504
117504
117248
117504
117248
117248
117248
117248
117248
117504
117504
117248
117504
117504
117248
117248
117248
117248
116992
117248
117248
117248
117248
117248
117248
117248
117248
117248
117248
117248
117248
117248
117248
117248
117248
117248
117248
117248
117248
117248
117248
115456
113920
110080
105216
101376
97280
95488
91136
88064
88320
88576
88576
88576
88576
88576
88576
88576
88576
88576
88576
88576
88576
88576
88576
88576
88576
88576
88576
88576
88576
88576
88576
88576
88576
88576
88576
88576
88576
88576
88576
88576
88576
88576
88576
88576
88576
88576
88576
88576
88576
88576
88576
88576
88576
88576
88832
89344
103168
118272
135424
183040
194816
195584
195584
195584
195584
195584
195584
195584
195584
195584
195584
195584
195584
195584
195584
195584
195584
195584
195584
195584
195584
195584
195584
195584
195584
195584
195584
195584
195584
195584
195584
195584
195584
195584
195584
195584
195584
195584
195584
195584
195584
195584
195584
195584
195584
195584
195584
194304
192000
172032
173056
125440
117760
117760
117504
117248
117760
114432
109312
106240
104192
100864
96512
93952
87296
87808
88320
88576
88576
88576
88576
88576
88576
88576
88576
88576
88576
88576
88576
88576
88576
88576
88576
88064
88576
88576
88576
88576
88576
88576
88576
89088
95488
98816
107520
111872
114944
121856
124928
127744
128256
128256
128256
128256
128256
128256
128256
128256
128256
128256
128256
128256
128256
128256
128256
128256
128256
128256
128256
128256
128256
128256
128256
128256
128256
128256
128256
128256
128256
128256
128256
128256
128256
128256
128256
128256
128256
128256
128256
128256
128256
128256
128256
128256
127744
126208
123904
118784
117760
115712
112128
110080
107264
107008
107008
194560
195584
195584
195584
195584
195584
195584
195584
195584
195584
195584
195584
195584
195584
195584
195584
195584
195584
195584
195584
195584
195584
195584
195584
195584
195584
195584
195584
195584
195584
195584
195584
195584
195584
195584
195584
195584
195584
195584
195584
195584
195584
195584
195584
195584
195584
195584
195584
195584
195584
195584
195584
195584
195584
195584
195584
195584
195584
195584
195584
195584
195584
195584
195584
195584
195584
195584
195584
195584
195584
195584
195584
195584
195584
195584
195584
195584
195584
195584
195584
195584
195584
195584
195584
195584
195584
195584
195584
195584
195584
195584
195584
195584
195584
195584
195584
195584
195584
195584
195584
195584
195584
195584
195584
195584
195584
195584
195584
195584
195584
195584
195584
195584
195584
195584
195584
195584
195584
195584
195584
195584
195584
195584
195584
195584
195584
195584
117248
117248
117248
117248
117248
117248
117248
117248
117248
117248
117248
117248
117248
117504
117504
117504
117504
117248
117248
117248
117248
117248
117248
117248
117248
117248
117248
117248
117504
117504
117504
117248
117248
117504
117248
115456
115200
114688
112640
112384
111616
111360
109568
109568
107776
106752
107008
107008
107008
107008
107008
107008
107008
107008
107008
107008
107008
107008
107008
107008
107008
107008
107008
107008
107008
107008
107008
107008
107008
107008
107008
107008
107008
107008
106752
