107008
107008
107008
107008
107008
106752
108800
110848
116992
118272
117248
117248
117248
117248
117248
117248
117248
117248
117248
117248
117248
117248
117248
117248
117248
117248
117248
117248
117248
117248
117248
117248
117248
117248
117248
117248
117248
117504
117504
119296
109056
103424
97280
90880
88320
89344
88576
88576
88576
88832
88576
88576
88576
88576
88576
88576
88576
88576
88576
88576
88576
88576
89088
100352
109568
117248
127744
128512
128256
128256
128000
128000
128256
128256
128256
128256
128256
128256
128256
128256
128512
128512
128512
128256
128000
128000
128256
128256
128256
128000
128256
128256
128256
128256
128256
128000
128256
128256
128000
128256
128256
128256
128256
128256
128256
128000
128256
128256
123904
120576
116480
108800
107008
107008
107008
107008
107008
107008
107008
107008
107008
107008
107008
107008
107008
107008
107008
107008
128256
128000
128256
128000
128000
128256
128256
128256
128256
128256
128256
128256
128256
128256
128256
128256
128256
128256
128256
128256
128256
128256
128256
128256
127232
126208
124416
120832
118784
119552
117504
115456
113408
110080
108032
107008
107008
107008
107008
107008
107008
107008
107008
107008
107008
107008
106496
106496
106496
106496
106496
106496
107008
107008
107008
107008
107008
107008
107008
107008
107008
107008
107008
107008
107008
107008
106752
107008
107008
107008
107008
107008
107008
107008
107008
107008
107008
107008
107008
107008
107008
107008
107008
107008
107008
107008
107008
107008
107008
107008
107008
107008
106752
106752
107008
107008
107008
107008
107008
107008
107008
107008
107008
107008
107008
107008
107008
107008
106752
106752
106752
107776
108800
111104
112128
114176
116992
117248
117504
117248
117248
117248
117248
117248
117248
117248
117248
117248
117248
117248
117248
117248
117248
117248
117248
117248
117248
117248
117248
117248
117248
117248
117248
117248
117504
117504
117248
117248
117248
117248
117248
117248
117248
117248
117504
118272
115712
116480
105216
106752
106752
107008
107008
107008
107008
107008
107008
107008
107008
107008
107008
107008
106752
106496
109056
111360
113664
115968
117504
117248
117248
117248
117248
117248
117248
117248
117248
117248
117248
117248
117248
117248
117248
117248
117248
117248
117248
117248
117248
117248
117248
117248
117248
117248
117248
117248
117248
117248
117248
117248
117248
117504
117504
117248
117504
117504
118272
116736
111360
102656
99328
89344
88064
88064
88576
88576
88576
88576
88576
88576
88576
88576
88576
88576
88576
88576
88576
88576
88576
88576
88576
88576
88576
88576
88576
88576
88576
88576
88576
88576
88576
89088
96000
102400
114944
120832
125696
128256
128256
128256
128256
128256
87808
88832
88576
88576
88832
88576
88576
88576
88576
88576
88576
88576
88576
88576
88576
88576
88576
88576
88576
88576
88576
88576
88576
88576
88576
88576
88576
88576
88576
88576
88576
88576
88576
88576
88576
88576
88576
88576
88576
88576
88576
88576
88576
88576
88576
88576
88576
88576
88576
88576
88576
88576
88576
88576
88576
88576
88576
88576
88576
90368
105216
121600
134144
193024
195328
195584
195584
195584
195584
195584
195584
195584
195584
195584
195584
195584
195584
195584
195584
195584
195584
195584
195584
195584
195584
195584
195584
195584
195584
195584
195584
195584
195584
195584
195584
195584
195584
195584
195584
195584
195584
195584
195584
195584
195584
195584
195584
195584
195584
195584
195584
195584
195584
195584
195584
195584
195584
195584
195584
195584
195584
195584
195584
195584
195584
195584
195584
107008
107008
107008
107008
107008
107008
107008
107008
107008
107008
107008
107008
107008
107008
107008
107008
107008
107008
107008
107008
107008
107008
107008
107008
107008
107264
108288
110848
112640
114944
122368
124672
127232
128256
128512
128512
128256
128256
128256
128256
128256
128256
128256
128256
128256
128256
128256
128256
128256
128256
128256
128256
128256
128256
128256
128256
128256
128256
128256
128256
128256
128256
128256
128256
128256
128256
128256
128256
128256
128256
128256
128256
128256
128256
128256
