107008
107008
107008
107008
107008
107008
107008
107008
107008
107008
107008
107008
107008
107008
107008
107008
107008
107008
107008
107008
107008
107008
107008
107008
107008
106496
106240
108032
113664
116992
117248
117248
117248
117248
117248
117248
117248
117248
117248
117248
117248
117248
117248
117248
117248
117248
117248
117248
117504
117504
117504
117248
117248
117248
117248
117248
117248
117504
117504
117504
116480
110336
102400
88832
87808
88576
88576
88576
88576
88576
88576
88576
88576
88320
88320
88576
88576
88576
88576
88576
88576
88576
88832
91904
99840
110080
126976
127744
128256
128256
128256
128256
128256
128256
128256
128256
128256
128256
128000
128256
128256
128256
128256
128256
128000
128256
128256
128256
128256
128256
128256
128256
128256
128256
128256
128256
128256
128256
128256
128256
128256
128256
128256
128256
128000
128256
128256
128256
0
0
0
0
0
0
0
0
0
0
0
0
0
0
0
0
0
0
0
0
159232
154624
152064
149248
142848
139776
137728
131072
128256
128256
128256
128256
128256
128256
128256
128256
128256
128256
128256
128256
128256
128256
128256
128256
128256
128256
128256
128256
128256
128256
128512
128512
128512
128256
128256
128512
128256
127232
128000
128000
128256
128256
128256
128256
128256
128256
128256
128256
128256
128256
128256
128512
128256
128256
128512
128256
128256
128256
128256
128256
128256
128256
128256
128256
128256
128256
128256
128256
128256
128256
128256
128256
128256
128256
128256
128256
128256
128256
128256
128256
128256
127488
127232
124928
122112
119296
118528
115968
112896
111616
109824
107776
106752
107008
107008
107008
107008
107008
107008
107008
107008
107008
107008
107008
107264
107008
107008
107008
106752
107264
107008
107008
107008
107008
107008
107008
107008
107008
107008
107008
107008
106752
106752
107008
107008
107008
106752
106752
106752
107008
106752
106752
107008
107008
106496
106240
108032
109056
120064
116992
116992
117248
117504
117248
117248
117248
117248
117248
117248
117248
117248
117248
117248
117248
117248
117248
117248
117248
117248
117248
117248
117248
117248
117248
117248
117248
117248
117248
117248
117504
117504
108032
103936
99072
87040
88576
88576
88576
88576
88576
88576
88576
88576
88576
88576
88576
88576
88576
88576
88576
88576
88576
88576
88576
88576
88576
88576
88576
88576
88576
88576
88576
88576
88576
89344
94208
108288
115200
121344
128000
128256
128256
128256
128000
128256
128256
128256
128256
128256
128256
128256
128256
128256
128256
128256
128256
128256
128256
128256
128256
128256
128256
128256
128256
128256
128256
128256
128256
128256
128256
128256
128256
117760
117504
117248
117248
117248
117248
116992
118016
117248
117248
117248
117248
117248
117248
117248
117248
117248
117248
117248
117248
117248
117760
113408
110080
107520
104192
102656
97536
94976
92672
89088
88320
88320
88576
88576
88576
88576
88576
88576
88576
88576
88576
88576
88576
88576
88576
88576
88576
88576
88576
88576
88576
88576
88576
88576
88576
88576
88576
88576
88576
88576
88576
88576
88576
88576
88576
88576
88576
88576
88576
88576
88576
88576
88576
88576
88576
88576
88576
88576
88832
88832
89088
89088
89088
89088
89088
89088
89088
89088
89088
89088
89088
89088
89088
89088
88832
89600
112896
132352
191232
194560
195584
195584
195584
195584
195584
195584
195584
195584
195584
195584
195584
195584
195584
195584
195584
195584
195584
195584
195584
195584
195584
195584
195584
195584
195584
195584
117248
117248
117248
117248
117504
117504
115456
112896
111616
110336
106496
106752
106752
107008
107008
107008
107008
107008
107008
107008
107008
107008
107008
107008
107008
107008
107008
107008
107008
107008
107008
107008
107008
107008
107008
107008
107008
107008
107008
107008
107008
107008
107008
107008
107008
107008
107008
107008
107008
107008
107008
107008
107008
107008
107008
107008
107008
107008
107008
107008
107776
109568
112128
116224
119296
123648
126720
127488
128256
128256
128256
128256
128256
128256
128256
