128256
128256
128256
128256
128256
128256
128256
128256
128512
128512
126464
118272
112896
109312
107520
107008
107008
107008
107008
107008
107008
107008
107008
107008
107008
107008
107008
107008
107008
107008
107008
107008
107008
107008
107008
107008
107008
107008
107008
107008
107008
107008
107008
107008
107008
109824
112384
117760
117248
117248
117248
117248
117248
117248
117248
117248
117248
117248
117248
117248
117248
117248
117248
117248
117248
117248
117504
117504
117504
117248
117248
117248
117248
117248
117248
117248
117248
117760
118784
107776
98816
90368
88064
88576
88576
88576
88576
88576
88576
88576
88576
88576
88320
88576
88576
88576
88576
88576
88576
88576
88320
88576
104704
114432
124160
128512
128256
128256
128256
128256
128256
128256
128256
128256
128256
128256
128256
128256
128256
128256
128256
128256
128256
128256
128256
128256
128256
128256
0
0
0
0
0
0
0
0
0
0
0
0
0
0
0
0
0
0
0
0
0
0
0
0
0
0
0
0
0
0
0
0
0
0
0
0
0
0
0
0
0
0
0
0
0
0
0
0
0
0
0
0
0
0
0
0
0
0
0
0
256
0
0
0
0
0
0
0
0
0
0
0
0
0
0
0
0
0
0
0
0
0
0
0
0
0
0
0
0
0
0
0
0
0
0
0
0
0
0
0
0
0
0
0
0
0
0
0
0
0
0
0
112896
150272
144640
138240
128256
128256
128256
128256
128256
128256
128256
128256
128256
128512
128512
128256
128256
128256
128256
128000
128256
128256
128256
128000
128256
128256
128256
128256
128256
128256
128256
128256
128256
128512
128256
128000
128000
128256
128000
128000
128512
128256
127744
125952
122624
123648
125440
117760
117504
117248
117504
117248
117248
118016
118272
113152
107264
95488
89088
88320
88576
88576
88576
88576
88576
88576
88576
88576
88576
88576
88576
88576
88576
88576
88576
88576
88576
88576
88576
88576
88576
88576
88576
88576
88576
88576
88576
88576
88832
95488
102400
110336
125696
128256
128256
128256
128256
128256
128256
128256
128256
128256
128256
128256
128256
128256
128256
128256
128256
128256
128256
128256
128256
128256
128256
128256
128256
128000
128256
128256
128256
128256
128256
128256
128256
128256
128256
128256
128256
128256
128256
128256
128256
128256
128256
128256
128256
128256
128256
128256
128256
128256
125952
122880
119040
109568
108032
107264
107008
107008
106752
106752
107008
107008
107008
107008
107008
108032
109056
110336
111616
113152
114176
115456
117248
117248
117248
117248
117248
117248
117248
117248
117248
117248
117248
117248
117248
117248
117248
117248
117248
117248
117248
117248
117248
117248
117248
117248
117248
117248
117248
117248
117248
117248
117248
117248
117248
117248
117248
117248
117504
117504
117248
117248
117248
117248
117248
117248
117504
117504
117248
117504
117504
117248
117248
117248
118272
116480
111360
100352
97792
91136
87552
88576
88576
88576
88576
88576
88576
88832
88832
89088
89088
89088
89088
89088
89088
89088
89088
89088
89088
89088
89088
89088
89088
89088
89088
89088
88832
88832
88832
88832
88832
88832
88576
88576
88576
88576
88576
88576
88832
88576
88576
88576
88576
88576
88576
88576
88576
88576
88576
88576
111104
143872
194048
195072
195584
117248
117248
117248
117248
117248
117248
117248
117248
117248
117248
117248
117248
117248
117248
117248
117248
117248
117248
117248
117248
117248
117248
117248
117248
117248
117248
117248
117248
117248
117248
117248
117248
117248
117248
117248
116992
116224
114432
111872
110336
106496
106496
106752
106752
107008
107008
107008
107008
107008
107008
107008
107008
107008
107008
107008
107008
107008
107008
107008
107008
107008
107008
107008
107008
107008
107008
107008
107008
107008
107008
107008
107008
107008
107008
107008
