128256
128256
128256
128256
128256
128256
128256
128256
128256
128256
128256
128256
128256
128256
128256
128256
128256
128256
128256
128512
128512
122880
118528
112640
107520
107008
107008
107008
107008
107008
107008
107008
107008
107008
107008
107008
107008
107008
107008
107008
107008
107008
107008
107008
107008
107008
107008
107008
107008
107008
107008
107008
107008
107008
106752
107008
109056
115456
118016
117248
117248
117248
117248
117248
117248
117248
117248
117248
117248
117248
117248
117248
117248
117248
117248
117248
117248
117504
117504
117248
117504
117504
117248
117248
117248
117248
117504
117248
117504
118272
110592
100096
87040
88064
88576
88576
88576
88576
88576
88576
88576
88576
88576
88576
88576
88576
88576
88576
88576
88576
88576
88576
91392
100608
112128
127488
128000
128256
128256
128256
128256
128256
128256
128256
128256
128256
128256
128256
0
0
0
0
0
0
0
0
0
0
0
0
0
0
0
0
0
0
0
0
0
0
0
0
0
0
0
0
0
0
0
0
0
0
0
0
0
0
0
0
0
0
0
0
0
0
0
0
0
0
0
0
0
0
0
0
0
0
0
0
256
0
0
0
0
0
0
0
0
0
0
0
0
0
0
0
0
0
0
0
0
0
0
0
0
0
0
0
0
0
0
0
0
0
0
0
0
0
0
0
0
0
0
0
0
0
0
0
0
0
0
0
0
0
0
0
0
0
0
0
0
0
0
0
0
0
0
0
0
0
0
0
0
0
0
0
0
0
0
0
0
0
0
0
0
0
152832
149760
143104
129536
128256
128256
128256
128256
128000
127232
117248
116992
91904
89088
89088
88576
88576
88576
88576
88576
88576
88576
88576
88576
88576
88576
88576
88576
88576
88576
88576
88576
88576
88576
88576
88576
88576
88576
88576
88576
89856
94720
103168
119808
126464
128512
128256
128256
128256
128256
128256
128256
128256
128256
128256
128256
128256
128256
128256
128256
128256
128256
128256
128256
128256
128256
128256
128256
128256
128256
128256
128256
128256
128256
128256
128256
128256
128256
128256
128256
128256
128256
128256
128000
128256
128256
128256
128256
128256
128256
128256
128000
128000
127232
125440
118272
113664
109312
107008
107008
107008
107008
107008
107008
107008
107008
107008
107008
107008
107008
107008
107008
107008
107008
107008
107008
107264
106496
106752
107008
107008
107008
107008
107008
107008
107264
107008
107008
107008
107008
107008
107008
107008
107008
107008
107008
107008
107008
107008
107008
107008
107008
107008
107008
107008
107008
107008
107008
107008
107008
107008
107008
106496
108032
111104
111872
113920
114944
117504
117248
117248
117248
117248
117248
117248
117248
117504
117504
117248
117248
117248
117248
117248
117248
117504
117504
117248
117248
117248
117248
117504
117248
117248
117248
117248
117504
117248
117248
117248
117248
117248
117248
117248
117504
117504
117760
117760
117760
117760
116992
114432
107520
91904
86784
87040
89088
89088
89088
89088
89088
89088
89088
89088
89088
88832
88832
88832
88832
88832
88832
88832
88832
88576
88576
88576
88832
88832
88832
88832
88576
88576
88576
88576
88576
88576
88576
88576
88576
88576
88576
88576
88576
88576
100864
107520
115200
118016
116992
117504
117248
117248
117248
117248
117248
117248
117248
117248
117248
117248
117248
117248
117248
117248
117248
117248
117248
117248
117248
117248
117248
117248
117248
117248
117248
117248
117248
117248
117248
117248
117248
117248
117248
117248
117248
117248
117248
117248
117248
117248
117248
117248
117248
117248
117248
117248
117248
117248
117248
115712
113408
110848
108544
107008
106752
106752
107008
107008
107008
107008
107008
107008
107008
107008
106752
106752
107008
107008
107008
