168;168;165
168;168;165
168;168;165
168;168;165
168;168;165
168;168;165
168;168;165
168;168;165
168;168;165
168;168;165
168;168;165
168;168;165
168;168;165
168;168;165
168;168;165
168;168;165
168;168;165
168;168;165
168;168;165
168;168;165
168;168;165
168;168;165
168;168;165
168;168;165
168;168;165
164;167;168
155;167;173
126;166;189
36;163;236
10;163;250
0;163;255
0;163;255
0;163;255
0;163;255
0;163;255
0;163;255
0;163;255
0;163;255
0;163;255
0;163;255
0;163;255
0;163;255
0;163;255
0;163;255
0;163;255
0;163;255
0;163;255
0;163;255
0;163;255
0;163;255
0;163;255
0;163;255
0;163;255
0;163;255
0;163;255
0;163;255
0;163;255
0;163;255
0;163;255
0;163;255
0;167;251
0;180;248
0;195;245
0;219;240
0;219;239
0;220;238
0;220;238
0;220;238
0;220;238
0;220;238
0;220;238
0;220;238
0;220;238
0;220;238
0;220;238
0;220;238
0;220;238
0;220;238
0;220;238
0;220;238
0;220;238
0;220;238
0;220;239
0;220;239
0;220;239
0;220;238
0;220;238
0;220;238
0;220;238
0;220;238
0;220;238
0;220;238
0;220;239
0;220;239
13;222;232
58;206;155
111;193;81
139;179;28
168;178;0
168;178;0
168;178;0
168;178;0
168;178;0
168;178;0
168;178;0
168;178;0
168;178;0
168;178;0
168;178;0
168;178;0
168;178;0
168;178;0
168;178;0
168;178;0
168;178;0
168;177;1
168;178;0
166;176;7
168;174;63
170;171;115
172;171;149
168;168;165
168;168;165
168;168;165
168;168;165
168;168;165
168;168;165
168;168;164
0;0;0
0;0;0
0;0;0
0;0;0
0;0;0
0;0;0
0;0;0
0;0;0
0;0;0
0;0;0
0;0;0
0;0;0
0;0;0
0;0;0
0;0;0
0;0;0
0;0;0
0;0;0
0;0;0
0;0;0
0;0;0
0;0;0
0;0;0
0;0;0
0;0;0
0;0;0
0;0;0
0;0;0
0;0;0
0;0;0
0;0;0
0;0;0
0;0;0
0;0;0
0;0;0
0;0;0
0;0;0
0;0;0
0;0;0
0;0;0
0;0;0
0;0;0
0;0;0
0;0;0
0;0;0
0;0;0
0;0;0
0;0;0
0;0;0
0;0;0
0;0;0
0;0;0
0;0;0
0;0;0
0;0;0
0;0;0
0;0;0
0;0;0
0;0;0
0;0;0
0;0;1
0;0;0
0;0;0
0;0;0
0;0;0
0;0;0
0;0;0
0;0;0
0;0;0
0;0;0
0;0;0
0;0;0
0;0;0
0;0;0
0;0;0
0;0;0
0;0;0
0;0;0
0;0;0
0;0;0
0;0;0
0;0;0
0;0;0
0;0;0
0;0;0
0;0;0
0;0;0
0;0;0
0;0;0
0;0;0
0;0;0
0;0;0
0;0;0
0;0;0
0;0;0
0;0;0
0;0;0
0;0;0
0;0;0
0;0;0
0;0;0
0;0;0
0;0;0
0;0;0
0;0;0
0;0;0
0;0;0
0;0;0
0;0;0
0;0;0
0;0;0
0;0;0
0;0;0
0;0;0
0;0;0
0;0;0
0;0;0
0;0;0
0;0;0
0;0;0
0;0;0
0;0;0
0;0;0
0;0;0
0;0;0
0;0;0
0;0;0
0;0;0
0;0;0
0;0;0
0;0;0
0;0;0
0;0;0
0;0;0
0;0;0
0;0;0
0;0;0
0;0;0
0;0;0
0;0;0
0;0;0
0;0;0
0;0;0
0;0;0
0;0;0
0;0;0
0;0;0
0;0;0
0;0;0
0;0;0
0;0;0
0;0;0
0;0;0
0;0;0
0;0;0
1;2;0
44;47;0
43;47;0
163;170;27
169;179;0
169;179;0
168;178;0
168;178;0
168;178;0
168;178;0
168;178;0
168;178;0
168;178;0
168;178;0
168;178;0
168;178;0
168;178;0
168;178;0
168;178;0
168;178;0
168;178;0
168;178;0
168;178;0
168;178;0
167;177;4
167;175;15
168;173;75
168;171;109
170;171;143
169;168;164
168;168;165
168;168;165
168;168;165
168;168;165
168;168;165
168;168;165
168;168;165
168;168;165
168;168;165
168;168;165
168;168;165
168;168;165
168;168;165
168;168;165
168;168;165
168;168;165
168;168;165
168;168;165
168;168;165
168;168;165
168;168;165
168;168;165
168;168;165
168;168;165
168;168;165
168;168;165
168;168;165
168;168;165
168;168;165
168;168;165
168;168;165
168;168;165
168;168;165
168;168;165
168;168;165
168;168;165
168;168;165
168;168;165
168;168;165
168;168;165
168;168;165
168;168;165
168;168;165
168;168;165
168;168;165
168;168;165
168;168;165
165;167;167
159;167;170
105;165;201
71;165;219
12;162;247
4;163;252
0;163;255
0;163;255
0;163;255
0;163;255
0;163;255
0;163;255
0;163;255
0;163;255
0;163;255
0;163;255
0;163;255
0;163;255
0;163;255
0;163;255
0;163;255
0;163;255
0;163;255
0;163;255
0;163;255
0;163;255
0;163;255
0;163;255
0;163;255
0;163;255
156;166;173
127;166;190
103;165;200
69;164;218
38;163;235
29;163;240
8;163;251
0;163;255
0;163;255
0;163;255
0;163;255
0;163;255
0;163;255
0;163;255
0;163;255
0;163;255
0;163;255
0;163;255
0;163;255
0;163;255
0;163;255
0;163;255
0;163;255
0;163;255
0;163;255
0;163;255
0;163;255
0;163;255
0;163;255
0;163;255
0;163;255
0;163;255
0;163;255
0;163;255
0;163;255
0;163;255
0;163;255
0;163;255
0;163;255
0;163;255
0;163;255
0;163;255
0;163;255
0;163;255
0;163;255
0;163;255
0;163;254
0;164;252
0;171;251
0;183;248
0;197;245
0;212;242
0;218;240
0;220;239
0;220;238
0;220;238
0;220;238
0;220;238
1;220;238
1;220;238
0;220;238
0;220;238
0;220;238
0;220;238
0;220;239
0;220;238
0;220;238
0;220;238
0;220;238
0;220;239
0;220;238
0;220;238
0;220;238
0;220;238
0;220;238
0;220;238
0;220;238
0;220;239
0;220;239
0;220;240
0;220;240
0;220;240
0;220;240
0;220;240
0;220;240
0;220;240
0;220;240
0;220;240
0;220;240
36;223;206
67;213;157
131;179;34
153;177;7
167;179;0
169;179;0
169;179;0
169;179;0
169;179;0
169;179;0
168;179;0
168;179;0
168;179;0
168;179;0
168;179;0
168;179;0
168;179;0
168;179;0
168;178;0
168;178;0
168;178;0
168;179;0
168;178;0
168;178;0
168;178;0
168;178;0
168;178;0
168;178;0
168;178;0
168;178;0
168;178;0
168;178;0
168;178;0
168;178;0
168;178;0
168;178;0
168;178;0
168;178;0
168;178;0
168;178;0
168;178;0
168;177;1
168;177;1
168;178;0
165;177;2
158;177;7
142;182;33
112;191;79
45;210;178
23;219;216
8;221;232
0;220;239
0;220;239
0;220;238
0;220;238
0;220;238
0;220;238
0;220;238
0;220;238
0;220;238
0;220;238
0;220;238
0;220;238
0;220;238
0;220;238
0;220;238
0;220;238
0;220;238
0;220;238
0;220;238
0;220;238
0;220;238
0;220;238
0;220;238
0;220;238
0;220;238
0;220;238
0;220;238
0;220;238
0;220;238
0;220;238
0;220;238
0;220;238
0;220;238
0;220;238
0;220;238
0;220;238
0;220;238
0;220;238
0;220;238
0;220;238
0;220;238
0;220;238
0;220;238
0;220;238
0;220;238
0;220;238
0;220;238
0;220;238
0;220;238
1;219;240
0;214;241
0;204;242
0;192;245
0;180;248
0;169;251
0;164;253
0;163;254
0;163;255
0;163;255
0;163;255
0;163;255
0;163;255
