166,172,80
170,173,125
168,167,167
168,167,166
168,168,165
168,168,165
168,168,165
168,168,165
168,168,165
168,168,165
168,168,165
168,168,165
168,168,165
168,168,165
168,168,165
168,168,165
168,168,165
168,168,165
168,168,165
168,168,165
168,168,165
168,168,165
168,168,165
168,168,165
168,168,165
168,168,165
168,168,165
168,168,165
168,168,165
168,168,165
168,168,165
168,168,165
168,168,165
168,168,165
168,168,165
168,168,165
168,168,165
168,168,165
168,168,165
168,168,165
168,168,165
168,168,165
168,168,166
168,167,166
160,167,170
129,167,187
72,165,217
9,164,249
0,163,255
0,163,255
0,163,255
0,163,255
0,163,255
0,163,255
0,163,255
0,163,255
0,163,255
0,163,255
0,163,255
0,163,255
0,163,255
0,163,255
0,163,255
0,163,255
0,163,255
0,163,255
0,163,255
0,163,255
0,163,255
0,163,255
0,163,255
0,163,255
0,163,255
0,163,255
0,163,255
0,163,255
0,163,255
0,163,255
0,162,255
0,177,247
0,196,247
2,213,242
0,220,238
0,220,238
0,220,238
0,220,238
0,220,238
0,220,238
0,220,238
0,220,238
0,220,238
0,220,238
0,220,238
0,220,238
0,220,238
0,220,238
0,220,238
0,220,238
0,220,238
0,220,238
0,220,239
0,220,239
0,220,239
0,220,238
0,220,238
0,220,238
0,220,238
0,220,238
0,220,238
0,220,238
0,220,238
0,220,238
10,222,233
25,220,216
56,207,162
143,177,23
159,177,7
168,178,0
168,178,0
168,178,0
168,178,0
168,178,0
168,178,0
168,178,0
168,178,0
168,178,0
168,178,0
168,178,0
0,0,0
0,0,0
0,0,0
0,0,0
0,0,0
0,0,0
0,0,0
0,0,0
0,0,0
0,0,0
0,0,0
0,0,0
0,0,0
0,0,0
0,0,0
0,0,0
0,0,0
0,0,0
0,0,0
0,0,0
0,0,0
0,0,0
0,0,0
0,0,0
0,0,0
0,0,0
0,0,0
0,0,0
0,0,0
0,0,0
0,0,0
0,0,0
0,0,0
0,0,0
0,0,0
0,0,0
0,0,0
0,0,0
0,0,0
0,0,0
0,0,0
0,0,0
0,0,0
0,0,0
0,0,0
0,0,0
0,0,0
0,0,0
0,0,0
0,0,0
0,0,0
0,0,0
0,0,0
0,0,0
0,0,0
0,0,0
0,0,0
0,0,0
0,0,0
0,0,0
0,0,1
0,0,0
0,0,0
0,0,0
0,0,0
0,0,0
0,0,0
0,0,0
0,0,0
0,0,0
0,0,0
0,0,0
0,0,0
0,0,0
0,0,0
0,0,0
0,0,0
0,0,0
0,0,0
0,0,0
0,0,0
0,0,0
0,0,0
0,0,0
0,0,0
0,0,0
0,0,0
0,0,0
0,0,0
0,0,0
0,0,0
0,0,0
0,0,0
0,0,0
0,0,0
0,0,0
0,0,0
0,0,0
0,0,0
0,0,0
0,0,0
0,0,0
0,0,0
0,0,0
0,0,0
0,0,0
0,0,0
0,0,0
0,0,0
0,0,0
0,0,0
0,0,0
0,0,0
0,0,0
0,0,0
0,0,0
0,0,0
0,0,0
0,0,0
0,0,0
0,0,0
0,0,0
0,0,0
0,0,0
0,0,0
0,0,0
0,0,0
0,0,0
0,0,0
0,0,0
0,0,0
0,0,0
0,0,0
0,0,0
0,0,0
0,0,0
0,0,0
0,0,0
0,0,0
0,0,0
0,0,0
0,0,0
0,0,0
0,0,0
0,0,0
0,0,0
0,0,0
0,0,0
0,0,0
0,0,0
0,0,0
0,0,0
0,0,0
0,0,0
0,0,0
0,2,0
43,47,0
43,47,0
160,167,38
171,175,96
172,175,129
168,168,165
168,167,166
168,168,165
168,168,165
168,168,165
168,168,165
168,168,165
168,168,165
168,168,165
168,168,165
168,168,165
168,168,165
168,168,165
168,168,165
168,168,165
168,168,165
168,168,165
168,168,165
168,168,165
168,168,165
168,168,165
168,168,165
168,168,165
168,168,165
168,168,165
168,168,165
168,168,165
168,168,165
168,168,165
168,168,165
168,168,165
168,168,165
168,168,165
168,168,165
168,168,165
168,168,165
168,168,165
168,168,165
168,168,165
168,168,165
168,168,165
168,168,165
168,168,165
168,168,165
168,168,165
168,168,165
168,168,165
166,167,168
137,165,184
97,165,204
60,164,223
6,163,252
1,163,254
0,163,255
0,163,255
0,163,255
0,163,255
0,163,255
0,163,255
0,163,255
0,163,255
0,163,255
0,163,255
0,163,255
0,163,255
0,163,255
0,163,255
0,163,255
0,163,255
0,163,255
0,163,255
0,163,255
0,163,255
0,163,254
0,163,254
0,163,255
0,163,255
0,163,255
0,163,255
0,163,255
0,163,255
0,163,255
0,163,255
0,163,255
0,163,255
0,163,255
0,163,255
0,163,255
0,163,255
0,163,255
0,163,255
0,164,252
0,169,250
0,196,243
1,210,243
3,218,242
0,220,239
0,220,238
0,220,238
0,220,238
0,220,238
0,0,0
0,0,0
0,0,0
139,138,138
190,189,189
178,176,176
168,167,166
168,168,165
168,168,165
168,168,165
168,168,165
168,168,165
168,168,166
168,168,165
168,168,165
168,168,165
168,168,165
168,168,165
168,168,165
168,168,165
168,168,165
168,168,165
168,168,165
168,168,165
168,168,165
168,168,165
168,168,165
168,168,165
168,168,165
168,168,165
168,168,165
168,168,165
168,168,165
168,168,165
168,168,165
168,168,165
168,168,165
168,168,165
168,168,165
168,168,165
168,168,165
168,168,165
168,168,165
168,168,165
157,167,172
136,166,183
104,165,200
64,164,219
38,164,234
10,163,249
0,163,255
0,163,255
0,163,255
0,163,255
0,163,255
0,163,255
0,163,255
0,163,255
0,163,255
0,163,255
0,163,255
0,163,255
0,163,255
0,163,255
0,163,255
0,163,255
0,163,255
0,163,255
0,163,255
0,163,255
0,163,255
0,163,255
0,163,255
0,165,249
0,180,248
0,199,243
0,199,243
0,214,243
0,219,242
0,220,240
0,220,240
0,220,240
0,220,240
0,220,240
0,220,240
0,220,240
0,220,240
0,220,240
0,220,240
0,220,240
0,220,240
0,220,240
0,220,240
0,220,240
0,220,240
0,220,240
0,220,240
0,220,240
0,220,240
0,220,240
0,220,240
4,221,232
29,224,214
67,220,171
130,177,30
154,177,7
168,179,0
168,179,0
168,179,0
168,179,0
168,179,0
168,178,0
168,178,0
168,178,0
168,178,0
168,178,0
168,178,0
168,178,0
168,178,0
168,178,0
168,178,0
168,178,0
168,178,0
168,178,0
168,178,0
168,178,0
168,178,0
168,178,0
168,178,0
168,178,0
168,178,0
168,178,0
168,178,0
168,178,0
168,178,0
168,178,0
168,178,0
168,177,1
168,177,1
168,177,1
168,177,1
168,178,0
168,178,0
168,178,0
168,178,0
168,178,0
168,178,0
168,178,0
168,178,0
168,178,0
168,178,0
168,178,0
168,177,1
168,177,1
168,177,1
168,177,1
168,178,0
168,178,0
168,178,0
168,178,0
168,178,0
168,177,1
168,177,1
168,178,0
168,178,0
167,177,1
149,178,18
90,198,110
48,209,170
24,220,214
8,221,232
0,219,239
0,220,239
0,220,238
0,220,238
0,220,238
0,220,238
0,220,238
0,220,238
0,220,238
0,220,238
0,220,238
0,220,238
0,220,238
0,220,238
0,220,238
0,220,238
0,220,238
0,220,238
0,220,238
0,220,238
0,220,238
0,220,238
0,220,238
0,220,238
0,220,238
0,220,238
0,220,238
0,220,238
0,220,238
0,220,238
0,220,238
