117248
117248
117248
117248
117504
119552
115712
97792
89344
88832
88576
88576
89344
88320
88320
88320
88576
88576
89344
88320
88320
88320
88576
88576
88576
88576
88576
88576
91392
100352
115968
128512
128256
128256
128256
128000
128000
128256
128256
128256
128256
128256
128256
128256
128256
128256
128256
128256
128256
128256
128256
128256
128256
128256
128256
128256
128256
128256
128256
128256
128256
128256
128256
128256
128256
128256
128256
128256
128512
128256
128512
128256
128256
128768
125184
118784
109056
107008
107008
107008
107008
107008
107008
107008
107008
107008
107008
107008
107008
107008
107008
107008
107008
107008
107008
107008
107008
107008
107008
107008
107008
107008
107008
107008
107008
107008
107008
107008
105984
111104
117248
117504
117248
117248
117248
117248
117248
117248
117248
117248
117248
117504
117504
117504
117248
117248
117248
117248
0
0
0
0
0
0
0
0
0
0
0
0
0
0
0
0
0
0
0
0
0
0
0
0
0
0
0
0
0
0
0
0
0
0
0
0
0
0
0
0
0
0
0
0
0
0
0
0
0
0
0
0
0
0
0
0
0
0
0
0
256
0
0
0
0
0
0
0
0
0
0
0
0
0
0
0
0
0
0
0
0
0
0
0
0
0
0
0
0
0
0
0
0
0
0
0
0
0
0
0
0
0
0
0
0
0
0
0
0
0
0
0
0
0
0
0
0
0
0
0
0
0
0
0
0
0
0
0
0
0
0
0
0
0
0
0
0
0
0
0
0
0
0
0
0
0
0
0
0
0
0
0
0
0
0
0
31744
31744
128256
128256
128256
128256
128256
128256
128256
128256
128256
128256
128512
126976
124160
111872
108544
107008
107008
107008
107008
107008
107008
107008
107008
107008
107008
107008
107008
107008
107008
107008
107008
107008
107008
107008
107008
107008
107008
107008
107008
107008
107008
107008
107008
107008
107008
107008
107008
107008
107008
107008
107008
107008
107008
107008
106752
106752
109568
113664
117504
117504
117248
117248
117248
117248
117248
117248
117248
117248
117248
117248
117504
117504
117504
117248
117504
117504
117504
117248
117248
117248
117248
117248
117248
117504
117504
117504
117248
117248
117248
117248
117248
117248
117248
117248
117248
117248
117248
117248
117248
118272
110336
88064
87552
88576
512
0
0
0
0
0
0
0
0
0
0
0
0
0
0
0
0
0
0
0
0
0
0
0
0
0
0
0
0
0
0
0
0
0
0
0
0
0
0
0
0
0
0
0
0
0
256
0
0
0
0
0
0
0
0
0
0
0
0
0
0
0
0
0
0
0
0
0
0
147456
128512
128256
128256
128256
128256
128256
128256
128256
128256
128256
128256
128256
128256
128256
128256
128256
128512
128768
128512
127744
124928
116480
110592
107776
107008
107008
107008
107008
107008
106752
106752
106752
106752
106752
106752
113408
118272
117760
117760
117504
117248
117504
117504
117760
117504
117760
118016
119296
122624
84480
88064
88320
88576
88576
88576
88576
88576
128256
128256
128256
128256
128256
128256
128256
128256
128256
128256
128256
128256
128256
128256
128256
128256
128256
128256
128256
128256
128256
128256
128256
128256
128256
128256
128256
128256
128256
128256
128256
128256
128256
128256
128256
128256
128256
128256
128256
128512
128512
128512
128256
128000
128000
128000
124416
112640
100864
91392
88576
88576
88576
88576
88576
88576
88576
88576
88576
88576
88576
88576
88576
88576
88576
88576
88576
88576
88576
88576
88576
88576
88576
88576
88576
