0;0;0
0;0;0
0;0;0
0;0;0
0;0;0
0;0;0
0;0;0
0;0;0
0;0;0
0;0;0
0;0;0
0;0;0
0;0;0
0;0;0
0;0;0
0;0;0
0;0;0
0;0;0
0;0;0
0;0;0
0;0;0
0;0;0
0;0;0
0;0;0
0;0;0
0;0;0
0;0;0
0;0;0
0;0;0
0;0;0
0;0;0
0;0;0
0;0;0
0;0;0
0;0;0
0;0;0
0;0;0
0;0;0
0;0;0
0;0;0
0;0;0
0;0;0
0;0;0
0;0;0
0;0;0
0;0;0
0;0;0
0;0;0
0;0;0
0;0;0
0;0;0
0;0;0
0;0;0
0;0;0
0;0;0
0;0;0
0;0;0
0;0;0
0;0;0
0;0;0
0;0;0
0;0;0
0;0;0
0;0;0
0;0;0
0;0;0
0;0;0
0;0;0
0;0;0
0;0;0
0;0;0
0;0;0
0;0;0
0;0;0
0;0;0
0;0;0
0;0;0
0;0;0
0;0;0
0;0;0
0;0;0
0;0;0
0;0;0
0;0;0
0;0;0
0;0;0
0;0;0
0;0;0
0;0;0
0;0;0
0;0;0
0;0;0
0;0;0
0;0;0
0;0;0
0;0;0
0;0;0
0;0;0
0;0;0
0;0;0
0;0;0
0;0;0
0;0;0
0;0;0
0;0;0
0;0;0
0;0;0
0;0;0
0;0;0
0;0;0
0;0;0
5;0;0
0;0;17
14;119;180
15;163;248
0;163;255
0;163;255
0;163;255
0;163;255
0;163;255
0;163;255
0;163;255
0;163;255
0;163;255
0;163;255
0;163;255
0;163;255
0;163;255
0;0;0
0;0;0
0;0;0
0;0;0
0;0;0
0;0;0
0;0;0
0;0;0
0;0;0
0;0;0
0;0;0
0;0;0
0;0;0
0;0;0
0;0;0
0;0;0
0;0;0
0;0;0
0;0;0
0;0;0
0;0;0
0;0;0
0;0;0
0;0;0
0;0;0
0;0;0
0;0;0
0;0;0
0;0;0
0;0;0
0;0;0
0;0;0
0;0;0
0;0;0
0;0;0
0;0;0
0;0;0
0;0;0
0;0;0
0;0;0
0;0;0
0;0;0
0;0;0
0;0;0
0;0;0
0;0;0
0;0;0
0;0;0
0;0;0
0;0;0
0;0;0
0;0;0
0;0;0
0;0;0
0;0;0
0;0;0
0;0;0
0;0;0
0;0;0
0;0;0
0;0;0
0;0;0
0;0;0
0;0;0
0;0;0
0;0;0
0;0;0
0;0;0
0;0;0
0;0;0
0;0;0
0;0;0
0;0;0
0;0;0
0;0;0
0;0;0
0;0;0
0;0;0
0;0;0
0;0;0
0;0;0
0;0;0
0;0;0
0;0;0
0;0;0
0;0;0
0;0;0
0;0;0
0;0;0
0;0;0
0;0;0
0;0;0
0;0;0
0;0;0
0;0;0
0;0;0
0;0;0
0;0;0
0;0;0
0;0;0
0;0;0
0;0;0
0;0;0
0;0;0
0;0;0
0;0;0
0;0;0
0;0;0
0;0;0
0;0;0
0;0;0
0;0;0
0;0;0
0;0;0
0;0;0
0;0;0
0;0;0
0;0;0
0;0;0
0;0;0
0;0;0
0;0;0
0;0;0
0;0;0
0;0;0
0;0;0
0;0;0
0;0;0
0;0;0
0;0;0
0;0;0
0;0;0
0;0;0
0;0;0
0;0;0
0;0;0
0;0;0
0;0;0
0;0;0
0;0;0
0;0;0
0;0;0
0;0;0
0;0;0
0;0;0
0;0;0
0;0;0
0;0;0
0;0;0
0;0;0
0;0;0
0;0;0
0;0;0
0;0;0
0;0;0
0;0;0
0;0;0
0;0;0
0;0;0
0;0;0
0;0;0
0;0;0
0;0;0
0;0;0
0;0;0
0;0;0
0;0;0
0;0;0
0;0;0
0;0;0
0;0;0
0;0;0
0;0;0
0;0;0
0;0;0
0;0;0
0;0;0
0;0;0
0;0;0
0;0;0
0;0;0
0;0;0
0;0;0
0;0;0
0;0;0
0;0;0
0;0;0
0;0;0
0;0;0
0;0;0
0;0;0
0;0;0
0;0;0
0;0;0
0;0;0
0;0;0
0;0;0
0;0;0
0;0;0
0;0;0
0;0;0
0;0;0
0;0;0
0;0;0
0;0;0
0;0;0
0;0;0
0;0;0
0;0;0
0;0;0
0;0;0
0;0;0
0;0;0
0;0;0
0;0;0
0;0;0
0;0;0
0;0;0
0;0;0
0;0;0
0;0;0
0;0;0
0;0;0
0;0;0
0;0;0
0;0;0
0;0;0
0;0;0
0;0;0
0;0;0
0;0;0
0;0;0
0;0;0
0;0;0
0;0;0
0;0;0
0;0;0
0;0;0
0;0;0
0;0;0
0;0;0
0;0;0
0;0;0
0;0;0
0;0;0
0;0;0
0;0;0
0;0;0
0;0;0
0;0;0
0;0;0
0;0;0
0;0;0
0;0;0
0;0;0
0;0;0
0;0;0
0;0;0
0;0;0
0;0;0
0;0;0
0;0;0
0;0;0
0;0;0
0;0;0
0;0;0
0;0;0
0;0;0
0;0;0
0;0;0
0;0;0
0;0;0
0;0;0
0;0;0
0;0;0
0;0;0
0;0;0
0;0;0
0;0;0
0;0;0
0;0;0
0;0;0
0;0;0
0;0;0
0;0;0
0;0;0
0;0;0
0;0;0
0;0;0
0;0;0
0;0;0
0;0;0
0;0;0
0;0;0
0;0;0
0;0;0
0;0;0
0;0;0
0;0;0
0;0;0
0;0;0
0;0;0
0;0;0
0;0;0
0;0;0
0;0;0
0;0;0
0;0;0
0;0;0
0;0;0
0;0;0
0;0;0
0;0;0
0;0;0
0;0;0
0;0;0
0;0;0
0;0;0
0;0;0
0;0;0
0;0;0
0;0;0
0;0;0
0;0;0
0;0;0
0;0;0
0;0;0
0;0;0
0;0;0
0;0;0
0;0;0
0;0;0
0;0;0
0;0;0
0;0;0
0;0;0
0;0;0
0;0;0
0;0;0
0;0;0
0;0;0
0;0;0
0;0;0
0;0;0
0;0;0
0;0;0
0;0;0
0;0;0
0;0;0
0;0;0
0;0;0
0;0;0
0;0;0
0;0;0
0;0;0
0;0;0
0;0;0
0;0;0
0;0;0
0;0;0
0;0;0
0;0;0
0;0;0
0;0;0
0;0;0
0;0;0
0;0;0
0;0;0
0;0;0
0;0;0
0;0;0
0;0;0
0;0;0
180;179;178
168;167;166
168;168;165
168;168;165
168;168;165
168;168;165
168;168;165
168;168;165
172;168;164
167;167;167
155;167;172
67;165;220
29;164;241
0;166;248
0;174;236
0;217;249
0;0;0
0;0;0
0;0;0
0;0;0
0;0;0
0;0;0
0;0;0
0;0;0
0;0;0
0;0;0
0;0;0
0;0;0
0;0;0
0;0;0
0;0;0
0;0;0
0;0;0
0;0;0
0;0;0
0;0;0
0;0;0
0;0;0
0;0;0
0;0;0
0;0;0
0;0;0
0;0;0
0;0;0
0;0;0
0;0;0
0;0;0
0;0;0
0;0;0
0;0;0
0;0;0
0;0;0
0;0;0
0;0;0
0;0;0
0;0;0
0;0;0
0;0;0
0;0;0
0;0;0
0;0;0
0;0;0
37;36;36
168;167;167
168;167;166
167;166;165
168;168;165
168;168;165
168;168;165
168;168;165
168;168;165
168;168;165
168;168;165
168;168;165
168;168;165
168;168;165
168;168;165
168;168;165
168;168;165
168;168;165
168;168;165
168;168;165
168;168;165
168;168;165
168;168;165
168;168;165
168;168;165
168;168;165
168;168;165
168;168;165
168;168;165
