0;0;0
0;0;0
0;0;0
0;0;0
0;0;0
0;0;1
0;0;0
0;0;0
175;175;175
168;167;167
168;167;166
168;168;165
167;168;165
167;168;165
168;168;165
168;168;165
168;168;165
168;168;165
168;167;166
168;167;166
168;167;166
168;168;165
168;168;165
168;168;165
168;168;165
168;168;165
168;168;165
168;168;165
168;168;165
168;168;165
168;168;165
168;168;165
168;168;165
168;168;165
168;168;165
168;168;165
168;168;165
168;168;165
168;168;165
168;168;165
168;168;165
168;168;165
168;168;165
168;168;165
168;168;165
168;168;165
168;168;165
168;168;165
168;168;165
168;168;165
168;168;165
168;168;165
168;168;165
156;168;175
138;167;184
111;165;197
86;165;211
37;164;234
15;163;245
3;163;252
0;163;255
0;163;255
0;163;255
0;163;255
0;163;255
0;163;255
0;163;254
4;163;252
12;163;248
55;167;231
163;234;255
216;251;255
244;254;255
255;255;254
254;255;255
254;255;255
254;255;255
254;255;255
254;255;255
254;255;255
254;255;255
254;255;255
254;255;255
254;255;255
254;255;255
254;255;255
254;255;255
254;255;255
254;255;255
254;255;255
254;255;255
254;255;255
254;255;255
254;255;255
254;255;255
254;255;255
254;255;255
254;255;255
254;255;255
254;255;255
254;255;255
254;255;255
254;255;255
254;255;255
254;255;255
254;255;255
254;255;255
254;255;255
254;255;255
254;255;255
254;255;255
254;255;255
254;255;255
254;255;255
254;255;255
254;255;255
254;255;255
254;255;255
254;255;255
254;255;255
254;255;255
254;255;255
254;255;255
254;255;255
254;255;255
254;255;255
254;255;255
254;255;255
33;164;239
48;165;231
15;164;247
22;164;244
18;164;246
0;163;254
0;163;255
0;163;255
0;163;255
0;163;255
0;163;255
0;163;255
0;163;255
0;163;255
0;163;255
0;163;255
0;163;255
0;163;255
0;163;255
0;163;255
0;163;255
0;163;255
0;163;255
0;163;255
0;163;255
0;163;255
0;163;255
0;163;255
0;163;255
0;163;255
0;163;255
0;163;255
0;163;255
0;163;255
0;163;255
0;163;255
0;163;255
0;163;255
0;163;255
0;163;255
0;163;255
0;163;255
0;163;255
0;163;255
0;163;255
0;163;255
0;163;255
0;163;255
0;163;254
0;163;254
0;163;255
0;163;255
0;163;255
0;163;255
0;163;255
0;163;255
0;163;254
0;163;254
0;163;255
0;163;255
0;163;255
0;163;255
0;163;255
0;163;254
0;163;254
0;164;253
0;169;252
0;177;252
0;192;245
0;201;243
0;216;240
0;220;239
0;220;239
0;220;239
0;220;239
0;220;239
0;220;239
0;220;239
0;220;239
0;220;239
0;220;239
0;220;239
0;220;239
0;220;239
0;220;239
0;220;239
0;220;239
0;220;239
0;220;239
0;220;239
0;220;239
0;220;239
0;220;239
0;220;239
0;220;239
0;220;239
0;220;239
0;220;239
0;220;239
0;220;239
0;220;238
0;220;238
0;220;238
1;220;238
0;220;238
0;220;238
0;220;238
0;220;238
0;220;238
0;220;238
0;220;238
0;220;238
1;220;237
0;220;238
0;220;238
0;220;238
0;220;238
0;220;238
0;220;238
0;220;238
0;220;237
0;220;238
0;220;238
0;220;238
0;220;238
0;220;238
0;220;238
0;220;238
0;220;238
0;220;238
0;220;238
0;220;238
0;220;238
0;220;238
1;220;238
1;220;238
1;220;238
0;220;238
0;220;238
0;220;238
2;220;237
13;218;223
27;212;200
61;205;151
81;200;123
115;191;76
149;182;26
162;177;5
169;178;0
168;178;0
168;178;0
168;178;0
168;178;0
168;178;0
168;178;0
168;178;0
168;178;0
168;178;0
168;178;0
168;178;0
168;178;0
168;178;0
168;178;0
168;178;0
168;178;0
168;178;0
168;178;0
168;178;0
168;178;0
168;178;0
168;178;0
168;178;0
168;178;0
168;178;0
168;178;0
168;178;0
168;178;0
168;178;0
168;178;0
168;178;0
168;178;0
168;178;0
168;178;0
168;178;0
168;178;0
168;178;0
168;178;0
168;178;0
168;178;0
168;178;0
168;178;0
168;178;0
168;178;0
168;178;0
168;178;0
168;178;0
168;177;0
169;179;0
169;179;0
167;177;3
162;171;23
157;164;61
169;175;97
87;91;40
4;5;0
2;3;0
0;0;1
0;0;0
0;0;0
0;0;0
0;0;0
0;0;0
0;0;0
0;0;0
0;0;0
0;0;0
0;0;0
0;0;0
0;0;0
0;0;0
0;0;0
0;0;0
0;0;0
0;0;0
0;0;0
0;0;0
0;0;0
0;0;0
0;0;0
0;0;0
0;0;0
0;0;0
0;0;0
0;0;0
0;0;0
0;0;0
0;0;0
0;0;0
0;0;0
0;0;0
0;0;0
0;0;0
0;0;0
0;0;0
0;0;0
0;0;0
0;0;0
0;0;0
0;0;0
0;0;0
0;0;0
0;0;0
0;0;0
0;0;0
0;0;0
0;0;0
0;0;0
0;0;0
0;0;0
0;0;0
0;0;0
0;0;0
168;178;0
168;178;0
168;178;0
168;178;0
168;178;0
168;178;0
167;177;3
175;184;25
187;195;56
194;201;89
203;208;138
80;84;44
0;1;0
0;0;0
0;0;0
0;0;0
0;0;0
0;0;0
0;0;0
0;0;0
0;0;0
0;0;0
0;0;0
0;0;0
0;0;0
0;0;0
0;0;0
0;0;0
0;0;0
0;0;0
0;0;0
0;0;0
0;0;0
0;0;0
0;0;0
0;0;0
0;0;0
0;0;0
0;0;0
0;0;0
0;0;0
0;0;0
0;0;0
0;0;0
0;0;0
0;0;0
0;0;0
0;0;0
0;0;0
0;0;0
0;0;0
0;0;0
0;0;0
0;0;0
0;0;0
0;0;0
0;0;0
0;0;0
0;0;0
0;0;0
0;0;0
0;0;0
0;0;0
0;0;0
0;0;0
0;0;0
0;0;0
0;0;0
0;0;0
0;0;0
0;0;0
0;0;0
0;0;0
0;0;0
0;0;0
0;0;0
0;0;0
0;0;0
0;0;0
0;0;0
0;0;0
0;0;0
0;0;0
0;0;0
0;0;0
0;0;0
0;0;0
0;0;0
0;0;0
0;0;0
0;0;0
0;0;0
0;0;0
0;0;0
0;0;0
0;0;0
0;0;0
0;0;0
0;0;0
0;0;0
0;0;0
0;0;0
0;0;0
0;0;0
0;0;0
0;0;0
0;0;0
0;0;0
0;0;0
0;0;0
0;0;0
0;0;0
0;0;0
0;0;0
0;0;0
0;0;0
0;0;0
0;0;0
0;0;0
0;0;0
0;0;0
0;0;0
0;0;0
0;0;0
0;0;0
0;0;0
0;0;0
168;178;0
168;178;0
168;178;0
168;178;0
168;178;0
168;178;0
168;178;0
168;178;0
167;176;5
165;173;18
255;255;209
255;255;242
255;255;251
254;255;255
255;254;255
255;254;255
254;255;255
254;255;255
254;255;255
254;255;255
254;255;255
254;255;255
254;255;255
254;255;255
254;254;255
254;254;255
254;254;255
254;254;255
254;255;255
254;255;255
254;255;255
254;255;255
254;255;255
254;255;255
254;255;255
254;255;255
254;255;255
254;255;255
254;255;255
254;255;255
254;255;255
254;255;255
254;255;255
254;255;255
254;255;255
254;255;255
254;255;255
254;255;255
254;255;255
254;255;255
254;254;255
254;254;255
254;254;255
254;255;255
254;255;255
254;255;255
252;253;253
254;255;255
254;255;255
254;255;255
254;255;255
254;255;255
254;255;255
255;254;255
255;254;255
254;254;255
254;254;255
254;254;255
254;255;255
254;255;255
254;255;255
254;255;255
254;255;255
254;255;255
254;255;255
