0,0,0
0,0,0
0,0,0
0,0,0
0,0,0
0,0,1
0,0,0
0,0,0
168,168,168
168,167,167
168,167,166
168,168,165
167,168,165
167,168,165
168,168,165
168,168,165
168,168,165
168,168,165
168,167,166
168,167,166
168,167,166
168,168,165
168,168,165
168,168,165
168,168,165
168,168,165
168,168,165
168,168,165
168,168,165
168,168,165
168,168,165
168,168,165
168,168,165
168,168,165
168,168,165
168,168,165
168,168,165
168,168,165
168,168,165
168,168,165
168,168,165
168,168,165
168,168,165
168,168,165
168,168,165
168,168,165
168,168,165
168,168,165
168,168,165
168,168,165
170,167,165
170,167,165
169,168,165
168,168,165
168,167,166
168,167,166
168,167,166
168,168,165
168,168,165
168,168,165
168,168,166
168,167,166
168,167,166
168,168,165
168,168,165
168,168,165
168,168,166
168,167,166
168,167,166
172,171,170
237,236,236
255,254,255
254,255,255
254,255,255
254,255,255
254,255,255
254,255,255
254,255,255
254,255,255
254,255,255
254,255,255
254,255,255
254,255,255
254,255,255
254,255,255
254,255,255
254,255,255
254,255,255
254,255,255
254,255,255
254,255,255
254,255,255
254,255,255
254,255,255
254,255,255
254,255,255
254,255,255
254,255,255
254,255,255
254,255,255
254,255,255
254,255,255
254,255,255
254,255,255
254,255,255
254,255,255
254,255,255
254,255,255
254,255,255
254,255,255
254,255,255
254,255,255
254,255,255
254,255,255
254,255,255
254,255,255
254,255,255
254,255,255
254,255,255
254,255,255
254,255,255
254,255,255
254,255,255
254,255,255
254,255,255
254,255,255
254,255,255
254,255,255
168,167,166
168,167,167
168,167,166
168,167,166
168,167,166
165,168,166
167,168,166
168,168,165
159,167,170
142,166,180
122,166,192
101,165,202
80,164,212
60,164,224
39,163,234
19,163,243
2,163,253
0,163,255
0,163,255
0,163,255
0,163,255
0,163,255
0,163,255
0,163,255
0,163,255
0,163,255
0,163,255
0,163,255
0,163,255
0,163,255
0,163,255
0,163,255
0,163,255
0,163,255
0,163,255
0,163,255
0,163,255
0,163,255
0,163,255
0,163,255
0,163,255
0,163,255
0,163,255
0,163,255
0,163,255
0,163,255
0,162,254
0,162,254
0,162,253
0,162,253
0,162,254
0,162,254
0,163,255
0,163,255
0,163,255
0,163,255
0,163,255
0,163,255
0,163,255
0,163,255
0,163,255
0,163,255
0,163,255
0,163,255
0,163,255
0,163,255
0,163,254
0,163,254
0,163,255
0,163,254
0,163,255
0,163,255
0,163,255
0,163,255
0,163,255
0,163,255
0,163,255
0,163,255
0,163,255
0,163,255
0,163,255
0,163,255
0,163,255
0,163,255
0,163,255
0,163,255
0,163,255
0,163,255
0,163,255
0,163,255
0,163,255
0,163,255
0,163,255
0,163,255
0,163,255
0,163,255
0,163,255
0,164,254
0,167,253
0,172,252
0,181,249
0,188,247
0,193,245
0,204,242
0,215,239
0,220,238
0,220,238
0,220,238
0,220,238
0,220,238
0,220,238
0,220,238
1,220,237
0,220,238
0,220,238
0,220,238
0,220,238
0,220,238
0,220,238
0,220,238
0,220,237
0,220,238
0,220,238
0,220,238
0,220,238
0,220,238
0,220,238
0,220,238
0,220,238
0,220,238
0,220,238
0,220,238
0,220,238
1,220,238
1,220,238
1,220,238
0,220,238
0,220,238
0,220,238
0,220,238
0,220,238
0,220,238
0,220,238
0,220,238
0,220,238
0,220,238
0,220,238
0,220,238
0,220,238
0,220,238
0,220,238
0,220,238
0,220,238
0,220,238
1,220,238
2,219,238
1,220,238
0,220,238
0,220,237
0,220,238
0,220,238
1,220,237
13,220,223
23,216,210
59,206,155
100,196,98
120,191,70
138,186,43
151,181,22
167,178,0
167,178,0
168,178,0
168,178,0
168,178,0
168,178,0
168,178,0
168,178,0
168,178,0
168,178,0
168,178,0
168,178,0
168,178,0
168,178,0
168,178,0
168,178,0
168,178,0
168,178,0
168,178,0
168,178,0
168,178,0
168,178,0
168,178,0
168,178,0
168,178,0
168,178,0
168,178,0
168,178,0
169,179,0
169,179,0
167,177,3
162,171,23
158,165,63
169,175,97
85,89,38
4,5,0
2,3,0
0,0,1
0,0,0
0,0,0
0,0,0
0,0,0
0,0,0
0,0,0
0,0,0
0,0,0
0,0,0
0,0,0
0,0,0
0,0,0
0,0,0
0,0,0
0,0,0
0,0,0
0,0,0
0,0,0
0,0,0
0,0,0
0,0,0
0,0,0
0,0,0
0,0,0
0,0,0
0,0,0
0,0,0
0,0,0
0,0,0
0,0,0
0,0,0
0,0,0
0,0,0
0,0,0
0,0,0
0,0,0
0,0,0
0,0,0
0,0,0
0,0,0
0,0,0
0,0,0
0,0,0
0,0,0
0,0,0
0,0,0
0,0,0
0,0,0
0,0,0
0,0,0
0,0,0
0,0,0
0,0,0
0,0,0
0,0,0
168,178,0
168,178,1
168,178,0
168,178,0
168,178,0
168,178,0
168,178,0
168,178,0
168,178,0
168,178,0
168,178,0
168,178,0
168,178,0
168,178,0
168,178,0
168,178,0
168,178,0
169,179,1
168,178,0
168,178,0
168,178,0
168,178,0
168,178,0
168,177,1
168,177,1
168,178,0
168,178,0
168,178,0
168,178,0
167,178,0
167,178,1
167,178,0
167,178,0
168,178,0
168,178,0
168,178,0
167,178,0
167,178,1
168,178,0
168,178,0
168,178,0
168,178,0
168,178,0
173,182,17
182,190,42
190,198,67
197,203,102
197,202,144
8,12,0
0,1,0
0,0,0
0,0,1
0,0,1
0,0,0
0,0,0
0,0,0
0,0,0
0,0,0
0,0,0
0,0,0
0,0,0
0,0,0
0,0,0
0,0,0
0,0,0
0,0,0
0,0,0
0,0,0
0,0,0
0,0,0
0,0,0
0,0,0
0,0,0
0,0,0
0,0,0
0,0,0
0,0,0
0,0,0
0,0,0
0,0,0
0,0,0
0,0,0
0,0,0
0,0,0
0,0,0
0,0,0
0,0,0
0,0,0
0,0,0
0,0,0
0,0,0
0,0,0
0,0,0
0,0,0
0,0,0
0,0,0
0,0,0
0,0,0
0,0,0
0,0,0
0,0,0
0,0,0
0,0,0
0,0,0
0,0,0
0,0,0
0,0,0
0,0,0
0,0,0
0,0,0
0,0,0
0,0,0
0,0,0
0,0,0
0,0,0
0,0,0
0,0,0
0,0,0
0,0,0
0,0,0
0,0,0
0,0,0
0,0,0
0,0,0
0,0,0
0,0,0
0,0,0
0,220,238
0,218,237
0,220,238
0,220,238
0,220,238
0,220,238
0,220,239
0,220,239
8,219,238
28,219,236
188,255,255
233,255,255
247,255,255
254,255,255
254,255,255
254,255,255
254,255,255
254,255,255
254,255,255
254,255,255
254,255,255
254,255,255
254,255,255
254,255,255
254,254,255
254,254,255
254,254,255
254,254,255
254,255,255
254,255,255
254,255,255
254,255,255
254,255,255
254,255,255
254,255,255
254,255,255
254,255,255
254,255,255
254,255,255
254,255,255
254,255,255
254,255,255
254,255,255
254,255,255
254,255,255
254,255,255
254,255,255
254,255,255
254,255,255
254,255,255
254,254,255
254,254,255
254,254,255
254,255,255
254,255,255
254,255,255
252,253,253
254,255,255
254,255,255
254,255,255
254,255,255
254,255,255
254,255,255
255,254,255
255,254,255
254,254,255
254,254,255
254,254,255
254,255,255
254,255,255
254,255,255
254,255,255
254,255,255
254,255,255
254,255,255
