195584
195584
195584
195584
195584
195584
195584
195584
195584
195584
195584
195584
195584
195584
195584
195584
195584
195584
195584
195584
195584
195584
195584
195584
195584
195584
195584
195584
195584
195584
195584
195584
195584
195584
195584
195584
195584
195584
195584
195584
195584
195584
195584
195584
195584
195584
195584
195584
195584
195584
195584
195584
195584
195584
195584
195584
195584
195584
195584
195584
195584
195584
195584
195584
195584
195584
195584
195584
195584
195584
195584
195584
195584
195584
195584
195584
195584
195584
195584
195584
195584
195584
195584
195584
195584
195584
195584
195584
195584
195584
195584
195584
195584
195584
195584
195584
195584
195584
195584
195584
195584
195584
195584
195584
195584
195584
195584
195584
195584
195584
195584
195584
195584
195584
195584
195584
195584
195584
195584
195584
195584
195584
195584
195584
195584
195584
195584
195584
194304
195584
194048
194304
195584
194304
194304
194048
194048
194048
195584
195584
195584
195584
195584
195584
195584
195584
195584
195584
195584
195584
195584
195584
195584
195584
195584
195584
195584
195584
195584
195584
195584
195584
195584
195584
195584
195584
195584
195584
195584
195584
194048
193280
193280
193280
193280
193280
193280
193280
193280
193280
193280
194048
190208
156160
149248
146688
142080
139264
133632
128512
128256
128256
128512
128256
128256
128256
129536
128256
129280
129536
129792
130560
128512
128512
128512
127488
128256
128256
128256
128512
128256
128256
128256
128512
127488
128256
128512
128256
128256
128256
128256
128256
128256
128256
128256
128256
128256
128256
128256
128000
128000
128256
128256
128256
128256
128256
128512
128256
128256
128256
128256
128256
128256
128256
128256
128256
128256
128256
128256
128000
127232
124928
123392
122880
119296
118272
115456
112896
109312
108032
106496
106240
106240
106752
107008
107008
107008
107008
107008
107008
107008
107008
107008
107008
107008
107008
107008
106752
106752
107008
107008
107008
107008
107008
107008
107008
106752
106752
107008
107008
107008
107008
106496
107008
107008
107520
107008
107008
107008
107008
107008
107008
107264
108032
109056
109568
110336
112128
112384
114176
114944
116224
116224
116480
117248
117248
117248
117248
117248
117248
117248
117248
117248
117248
117504
117504
117760
118272
124672
134912
158464
178688
187904
190976
195328
195328
195584
195584
195584
195584
195584
195584
195584
195584
195584
195584
195584
195584
195584
195584
195584
195584
195584
195584
195584
195584
195584
195584
195584
195584
195584
195584
195584
195584
195584
195584
195584
195584
195584
195584
195584
195584
195584
195584
195584
195584
195584
195584
195584
195584
195584
195584
195584
195584
195584
195584
193280
0
0
0
117248
117504
117248
117248
117248
117504
117248
117248
117504
117248
117248
117248
117248
117248
117248
117248
117248
117248
117248
117248
117248
117248
117248
117248
117248
117248
117248
117248
117248
117248
117248
117504
117504
117504
117248
117504
117504
117248
117504
118016
115712
112128
109568
103936
101632
98560
94720
90624
88576
88576
88576
88576
88576
88576
88576
88576
88576
88576
88576
88576
88576
88576
88576
88576
88576
88576
88576
88576
88576
88576
88576
88576
88576
88576
88576
88576
88576
88576
88576
88832
88832
88832
89088
89088
89088
89088
88832
88832
89088
89088
89088
89088
89088
89088
89088
89088
89088
89088
89088
89088
89088
88832
88832
88832
89088
88576
101376
119552
134912
1024
0
0
0
0
0
0
0
0
0
0
0
0
0
0
0
0
0
107008
107008
107008
107008
107008
106752
107008
107008
107776
109312
179712
190976
193792
195584
195584
195584
195584
195584
195584
195584
195584
195584
195584
195584
195584
195584
195584
195584
195584
195584
195584
195584
195584
195584
195584
195584
195584
195584
195584
195584
195584
195584
195584
195584
195584
195584
195584
195584
195584
195584
195584
195584
195584
195584
195584
195584
195584
195584
195584
195584
195584
195584
195584
195584
195584
195584
195584
195584
195584
195584
195584
195584
195584
195584
195584
