195584
195584
195584
195584
195584
195584
195584
195584
195584
195584
195584
195584
195584
195584
195584
195584
195584
195584
195584
195584
195584
195584
195584
195584
195584
195584
195584
195584
195584
195584
195584
195584
195584
195584
195584
195584
195584
195584
195584
195584
195584
195584
195584
195584
195584
195584
195584
195584
195584
195584
195584
195584
195584
195584
195584
195584
195584
195584
195584
195584
195584
195584
195584
195584
195584
195584
195584
195584
195584
195584
195584
195584
195584
195584
195584
195584
195584
195584
195584
195584
195584
195584
195584
195584
195584
195584
195584
195584
195584
195584
195584
195584
195584
195584
195584
195584
195584
195584
195584
195584
195584
195584
195584
195584
195584
195584
195584
195584
195584
195584
195584
195584
195584
195584
195584
195584
195584
195584
195584
195584
195584
195584
195584
195584
195584
195584
195584
195584
194304
195584
194048
194304
195584
194304
194304
194048
194048
194048
195584
195584
195584
195584
195584
195584
195584
195584
195584
195584
195584
195584
195584
195584
195584
195584
195584
195584
195584
195584
195584
195584
195584
195584
195584
195584
195584
195584
195584
195584
195584
195584
194048
194048
194048
194048
193280
192512
192512
191744
190208
187904
187904
187136
185600
182528
182528
183296
183296
185600
185600
187904
187904
190208
191744
192512
192512
192512
193280
193280
193280
194304
194304
194304
194304
194304
194304
194048
194048
194048
194048
194048
195584
195584
195584
195584
195584
195584
185856
159232
154624
150016
147456
143616
140032
136704
133120
129536
128256
128256
128000
128256
128256
128256
128256
128256
128256
128256
128256
128256
128256
128256
128256
128256
128256
128256
128256
128256
128256
128256
128256
128256
128256
128256
128256
128256
128256
128256
128256
128256
128256
128256
128256
128000
128000
128000
128256
128256
128256
128256
128512
128512
128256
127744
124928
122880
119552
118528
116736
111616
109312
105984
106752
106496
106752
107008
107008
107008
106752
106752
107008
107008
107008
107008
107008
106240
106752
107008
107008
106752
106496
106752
107008
107008
107008
107008
107008
107008
107008
107008
107008
107008
107008
107008
107008
107008
107008
107008
107008
107008
107008
107008
107008
107008
107776
108288
110080
111104
111872
113152
121088
136704
158976
178688
187904
190720
195328
195328
195584
195584
195584
195584
195584
195584
195584
195584
195584
195584
195584
195584
195584
195584
195584
195584
195584
195584
195584
195584
195584
195584
195584
195584
195584
195584
195584
195584
195584
195584
195584
195584
195584
195584
195584
195584
195584
195584
195584
195584
195584
195584
195584
195584
195584
195584
195584
195584
195584
195584
195584
195584
194048
195584
117248
117504
117248
117248
117248
117504
117248
117248
117504
117504
117504
117504
117248
117248
117248
117248
117248
117248
117248
117248
117248
117248
117248
117248
117248
117248
117248
117248
117248
117248
117248
117248
117248
117248
117248
117248
117248
117504
117248
117248
117248
117248
117248
117248
117248
117248
117248
117248
117248
117248
117248
117248
117248
117504
117504
118016
113408
108544
105216
100608
96000
90624
88064
88576
88576
88576
88576
88576
88576
88576
88576
88576
88576
88576
88576
88576
88576
88576
88576
88832
88832
88832
89088
89088
89088
89088
88832
88832
89088
89088
89088
89088
89088
89088
89088
89088
89088
89088
89088
89088
89088
88832
88832
88832
88832
88832
88832
88832
88832
88832
88832
88832
88832
88576
90624
102912
115200
2560
768
0
0
0
0
0
0
0
0
107008
107008
107008
107008
107008
106752
107008
107008
108032
110080
180480
190976
193792
195584
195584
195584
195584
195584
195584
195584
195584
195584
195584
195584
195584
195584
195584
195584
195584
195584
195584
195584
195584
195584
195584
195584
195584
195584
195584
195584
195584
195584
195584
195584
195584
195584
195584
195584
195584
195584
195584
195584
195584
195584
195584
195584
195584
195584
195584
195584
195584
195584
195584
195584
195584
195584
195584
195584
195584
195584
195584
195584
195584
195584
195584
