195584
195584
195584
195584
195584
195584
195584
195584
195584
195584
195584
195584
195584
195584
195584
195584
195584
195584
195584
195584
195584
195584
195584
195584
195584
195584
195584
195584
195584
195584
195584
195584
195584
195584
195584
195584
195584
195584
195584
195584
195584
195584
195584
195584
195584
195584
195584
195584
195584
195584
195584
195584
195584
195584
195584
195584
195584
195584
195584
195584
195584
195584
195584
195584
195584
195584
195584
195584
195584
195584
195584
195584
195584
195584
195584
195584
195584
195584
195584
195584
195584
195584
195584
195584
195584
195584
195584
195584
195584
195584
195584
195584
195584
195584
195584
195584
195584
195584
195584
195584
195584
195584
195584
195584
195584
195584
195584
195584
195584
195584
195584
195584
195584
195584
195584
195584
195584
195584
195584
195584
195584
195584
195584
195584
195584
195584
195584
195584
194304
195584
194048
194304
195584
194304
194304
194048
194048
194048
195584
195584
195584
195584
195584
195584
195584
195584
195584
195584
195584
195584
195584
195584
195584
195584
195584
195584
195584
195584
195584
195584
195584
195584
195584
195584
195584
195584
195584
195584
195584
195584
194048
194048
194048
194048
194048
194048
194048
194048
194048
194048
194048
194048
194048
194048
194048
194048
194048
194048
193280
194048
194048
194048
194048
194048
194048
194048
194048
194048
195584
195328
195328
195328
195328
195584
195584
195584
195584
195584
195584
195584
195584
195584
195584
195584
195584
195584
195584
195584
195584
195584
195584
195584
195584
194048
194048
194048
194048
194048
195584
195584
195584
195584
195584
195584
195584
194048
194048
194048
194048
194048
193280
194048
194048
194048
194048
194048
194048
194048
194048
194048
194048
194048
194048
194048
194048
195584
195584
195584
195584
195584
195584
194048
194048
194048
194304
194304
194048
194304
194304
194048
194048
194048
194048
193280
193280
193280
193280
194048
194048
194048
194048
194048
194048
194048
194048
194048
195584
159744
152832
136960
128512
128256
128256
128256
128256
128256
128256
128256
128256
128256
128256
128256
128256
128256
128256
128256
128256
128256
128256
128256
128256
128256
128256
128256
128256
128256
128256
128256
128256
128256
128256
128256
128256
128256
128256
128256
128256
128512
128256
130816
163072
189440
194048
194304
195328
195328
195584
195584
195584
195584
195584
195584
195584
195584
195584
195584
195584
195584
195584
195584
195584
195584
195584
195584
195584
195584
195584
195584
195584
195584
195584
195584
195584
195584
195584
195584
195584
195584
195584
195584
195584
195584
195584
195584
195584
195584
195584
195584
195584
195584
195584
195584
195584
195584
195584
195584
195584
195584
195584
195584
127232
123648
120064
115456
111616
110080
107520
106752
107008
107008
106752
106752
107264
107008
107008
107008
107008
107008
107008
107008
107008
107008
107008
107008
107008
107008
107008
107008
107008
107008
107008
107008
107008
107008
107008
107008
107008
107008
107008
107008
107008
107008
107008
107008
107008
107008
106496
106752
108032
110336
113152
115456
117248
117504
117248
117248
117248
117248
117248
117248
117248
117248
117248
117248
117504
117248
117248
117248
117248
117504
117248
117248
117248
117504
117248
117504
117504
117504
117760
117760
117760
117760
117760
117760
117760
117760
117760
117760
117760
119040
111872
88064
86272
88576
89088
89088
89088
89088
89088
89088
89088
88832
88832
88832
88832
88832
88832
88832
88832
88832
88832
88576
88576
88576
88576
88576
88576
88576
88576
88576
88576
88576
88576
88576
88576
88832
88576
195584
195584
195584
195584
195584
195584
195584
195584
195584
195584
195584
195584
195584
195584
195584
195584
195584
195584
195584
195584
195584
195584
195584
195584
195584
195584
195584
195584
195584
195584
195584
195584
195584
195584
195584
195584
195584
195584
195584
195584
195584
195584
195584
195584
195584
195584
195584
195584
195584
195584
195584
195584
195584
195584
195584
195584
195584
195584
195584
195584
195584
195584
195584
195584
195584
195584
195584
195584
195584
195584
195584
195584
195584
195584
195584
