195584
195584
195584
195584
195584
195584
195584
195584
195584
195584
195584
195584
195584
195584
195584
195584
195584
195584
195584
195584
195584
195584
195584
195584
195584
195584
195584
195584
195584
195584
195584
195584
195584
195584
195584
195584
195584
195584
195584
195584
195584
195584
195584
195584
195584
195584
195584
195584
195584
195584
195584
195584
195584
195584
195584
195584
195584
195584
195584
195584
195584
195584
195584
195584
195584
195584
195584
195584
195584
195584
195584
195584
195584
195584
195584
195584
195584
195584
195584
195584
195584
195584
195584
195584
195584
195584
195584
195584
195584
195584
195584
195584
195584
195584
195584
195584
195584
195584
195584
195584
195584
195584
195584
195584
195584
195584
195584
195584
195584
195584
195584
195584
195584
195584
195584
195584
195584
195584
195584
195584
195584
195584
195584
195584
195584
195584
195584
195584
194304
195584
194048
194304
195584
194304
194304
194048
194048
194048
195584
195584
195584
195584
195584
195584
195584
195584
195584
195584
195584
195584
195584
195584
195584
195584
195584
195584
195584
195584
195584
195584
195584
195584
195584
195584
195584
195584
195584
195584
195584
195584
194048
194048
194048
194048
194048
194048
194048
194048
194048
194048
194048
194048
194048
194048
194048
194048
194048
194048
193280
194048
194048
194048
194048
194048
194048
194048
194048
194048
195584
195328
195328
195328
195328
195584
195584
195584
195584
195584
195584
195584
195584
195584
195584
195584
195584
195584
195584
195584
195584
195584
195584
195584
195584
194048
194048
194048
194048
194048
195584
195584
195584
195584
195584
195584
195584
194048
194048
194048
194048
194048
194048
194048
194048
194048
194048
194048
194048
194048
194048
194048
194048
194048
194048
194048
194048
195584
195584
195584
195584
195584
195584
194048
194048
194048
194048
194048
194048
194304
194304
194048
194048
194048
194048
193280
193280
193280
193280
194048
194048
194048
194048
194048
194048
194048
194048
194048
194048
194816
194816
195584
195584
195584
195584
195584
195584
195584
195584
195584
195584
195584
195584
195584
195584
195584
195584
195584
195584
195584
195584
195584
195584
195584
195584
195584
195584
195584
195584
195584
195584
195584
195584
195584
195584
195584
195584
195584
195584
195584
195584
195584
195584
195584
195584
195584
195584
195584
195584
195584
195584
195584
195584
195584
195584
195584
195584
195584
195584
195584
195584
195584
195584
195584
195584
195584
195584
195584
195584
195584
195584
195584
195584
195584
195584
195584
195584
195584
195584
195584
195584
195584
195584
195584
195584
195584
195584
195584
195584
195584
195584
195584
195584
195584
195584
195584
195584
195584
195584
195584
195584
195584
194048
194048
194048
194048
194048
194048
194048
194048
194048
194048
194048
194304
194560
194304
194048
195584
195584
195328
195584
195584
195328
194048
194048
194048
194048
194048
194048
194048
194048
194048
194048
193280
193280
193280
193280
193280
193536
193536
192512
192512
192512
192768
187648
141312
128512
128256
128256
128256
128256
128256
128256
128256
128256
128256
128256
128256
128256
128256
128512
128256
128256
128256
128256
128256
128256
128256
128256
128256
128256
128256
128512
126720
122368
111360
108032
106752
106752
106752
107008
107008
107264
107008
107008
107008
107008
107008
107008
106752
106752
106752
107008
106240
109312
114176
114944
114944
114176
118528
117760
117760
117760
117760
117760
117760
117760
117760
117760
117760
117760
118016
117248
120576
105728
84480
88576
88576
88576
88576
88576
88576
88576
89088
88576
88576
89344
88832
88576
195584
195584
195584
195584
195584
195584
195584
195584
195584
195584
195584
195584
195584
195584
195584
195584
195584
195584
195584
195584
195584
195584
195584
195584
195584
195584
195584
195584
195584
195584
195584
195584
195584
195584
195584
195584
195584
195584
195584
195584
195584
195584
195584
195584
195584
195584
195584
195584
195584
195584
195584
195584
195584
195584
195584
195584
195584
195584
195584
195584
195584
195584
195584
195584
195584
195584
195584
195584
195584
195584
195584
195584
195584
195584
195584
