254;255;255
254;255;255
254;255;255
254;255;255
254;255;255
254;255;255
254;255;255
254;255;255
254;255;255
254;255;255
254;255;255
254;255;255
254;255;255
254;255;255
254;255;255
254;255;255
254;255;255
254;255;255
254;255;255
254;255;255
254;255;255
254;255;255
254;255;255
254;255;255
254;255;255
254;255;255
254;255;255
254;255;255
254;255;255
254;255;255
254;255;255
254;255;255
254;255;255
254;255;255
254;255;255
254;255;255
254;255;255
254;255;255
254;255;255
254;255;255
254;255;255
254;255;255
254;255;255
254;255;255
254;255;255
254;255;255
254;255;255
254;255;255
254;255;255
254;255;255
254;255;255
254;255;255
254;255;255
254;255;255
254;255;255
254;255;255
254;255;255
254;255;255
254;255;255
254;255;255
255;254;255
254;255;255
254;255;255
254;255;255
254;255;255
254;255;255
254;255;255
254;255;255
254;255;255
254;255;255
254;255;255
254;255;255
254;255;255
254;255;255
254;255;255
254;255;255
254;255;255
254;255;255
254;255;255
254;255;255
254;255;255
254;255;255
254;255;255
254;255;255
254;255;255
254;255;255
254;255;255
254;255;255
254;255;255
254;255;255
254;255;255
254;255;255
254;255;255
254;255;255
254;255;255
254;255;255
254;255;255
254;255;255
254;255;255
254;255;255
254;255;255
254;255;255
254;255;255
254;255;255
254;255;255
254;255;255
254;255;255
254;255;255
254;255;255
254;255;255
254;255;255
254;255;255
254;255;255
254;255;255
254;255;255
254;255;255
254;255;255
254;255;255
254;255;255
254;255;255
254;255;255
254;255;255
254;255;255
254;255;255
254;255;255
254;255;255
254;255;255
254;255;255
253;253;253
254;255;255
252;253;253
253;253;253
254;255;255
252;253;254
252;253;254
252;253;253
252;253;253
252;253;253
254;255;255
254;255;255
254;255;255
254;255;255
254;255;255
254;255;255
254;255;255
254;255;255
254;255;255
254;255;255
254;255;255
254;255;255
254;255;255
254;255;255
254;255;255
254;255;255
254;255;255
254;255;255
254;255;255
254;255;255
254;255;255
254;255;255
254;255;255
254;255;255
254;255;255
254;255;255
254;255;255
254;255;255
254;255;255
254;255;255
254;255;255
254;255;255
252;253;253
252;253;253
252;253;253
252;253;253
252;253;253
252;253;253
252;253;253
252;253;253
252;253;253
252;253;253
252;253;253
252;253;253
252;253;253
252;253;253
252;253;253
252;253;253
252;253;253
252;253;253
251;252;252
252;253;253
252;253;253
252;253;253
252;253;253
252;253;253
252;253;253
252;253;253
252;253;253
252;253;253
254;255;255
253;255;255
253;255;255
253;255;255
253;255;255
254;255;255
254;255;255
254;255;255
254;255;255
254;255;255
254;255;255
254;255;255
254;255;255
254;255;255
254;255;255
254;255;255
254;255;255
254;255;255
254;255;255
254;255;255
254;255;255
254;255;255
254;255;255
254;255;255
254;255;255
252;253;253
252;253;253
252;253;253
252;253;253
252;253;253
254;255;255
254;255;255
254;255;255
254;255;255
254;255;255
254;255;255
254;255;255
252;253;253
252;253;253
252;253;253
252;253;253
252;253;253
252;253;253
252;253;253
252;253;253
252;253;253
252;253;253
252;253;253
252;253;253
252;253;253
252;253;253
252;253;253
252;253;253
252;253;253
252;253;253
252;253;253
252;253;253
254;255;255
254;255;255
254;255;255
254;255;255
254;255;255
254;255;255
252;253;253
252;253;253
252;253;253
252;253;253
252;253;253
252;253;253
252;253;254
252;253;254
252;253;253
252;253;253
252;253;253
252;253;253
251;252;252
251;252;252
251;252;252
251;252;252
252;253;253
252;253;253
252;253;253
252;253;253
252;253;253
252;253;253
252;253;253
252;253;253
252;253;253
252;253;253
252;254;255
252;254;255
254;255;255
254;255;255
254;255;255
254;255;255
254;255;255
254;255;255
254;255;255
254;255;255
254;255;255
254;255;255
254;255;255
254;255;255
254;255;255
254;255;255
254;255;255
254;255;255
254;255;255
254;255;255
254;255;255
254;255;255
254;255;255
254;255;255
254;255;255
254;255;255
254;255;255
254;255;255
254;255;255
254;255;255
254;255;255
254;255;255
254;255;255
254;255;255
254;255;255
254;255;255
254;255;255
254;255;255
254;255;255
254;255;255
254;255;255
254;255;255
254;255;255
254;255;255
254;255;255
254;255;255
254;255;255
254;255;255
254;255;255
254;255;255
254;255;255
254;255;255
254;255;255
254;255;255
254;255;255
254;255;255
254;255;255
254;255;255
254;255;255
254;255;255
254;255;255
254;255;255
254;255;255
254;255;255
254;255;255
254;255;255
254;255;255
254;255;255
254;255;255
254;255;255
254;255;255
254;255;255
254;255;255
254;255;255
254;255;255
254;255;255
254;255;255
254;255;255
254;255;255
254;255;255
254;255;255
254;255;255
254;255;255
254;255;255
254;255;255
254;255;255
254;255;255
254;255;255
254;255;255
254;255;255
254;255;255
254;255;255
254;255;255
254;255;255
254;255;255
254;255;255
254;255;255
254;255;255
254;255;255
254;255;255
254;255;255
254;255;255
254;255;255
252;253;253
252;253;253
252;253;253
252;253;253
252;253;253
252;253;253
252;253;253
252;253;253
252;253;253
252;253;253
252;253;253
253;253;253
254;253;253
253;253;253
252;253;253
254;255;255
254;255;255
254;254;255
254;255;255
254;255;255
253;255;255
252;253;253
252;253;253
252;253;253
252;253;253
252;253;253
252;253;253
252;253;253
252;253;253
252;253;253
252;253;253
251;252;252
251;252;252
251;252;252
251;252;252
251;252;252
252;252;252
252;252;252
250;251;251
250;251;251
250;251;251
250;251;251
250;251;251
250;251;251
250;251;251
250;251;251
250;251;251
251;252;252
250;251;251
251;252;252
251;252;252
251;252;252
251;252;252
251;252;252
252;253;253
252;253;253
253;253;253
194;193;193
181;180;180
168;167;167
168;167;166
168;168;165
168;168;165
168;168;165
168;168;165
168;168;165
168;168;165
168;168;165
168;168;165
168;168;165
168;168;165
169;168;165
170;167;165
169;168;165
168;168;165
168;168;165
168;168;165
168;168;165
168;168;165
169;168;165
168;167;166
145;166;177
113;166;195
77;165;215
10;164;249
0;163;255
0;163;255
0;163;255
0;163;255
0;163;255
0;163;255
0;163;255
0;163;255
0;162;255
0;162;255
0;162;255
0;162;255
0;163;255
0;165;249
0;196;245
0;214;248
0;220;240
0;220;239
0;220;239
0;220;239
0;220;240
0;221;240
0;220;238
0;220;238
0;220;239
0;220;240
0;220;240
0;220;240
0;220;239
25;223;218
77;225;173
130;174;26
162;177;3
165;178;0
168;178;0
168;178;0
168;178;0
168;178;0
168;178;0
168;178;0
168;178;0
168;178;0
254;255;255
254;255;255
254;255;255
254;255;255
254;255;255
254;255;255
254;255;255
254;255;255
254;255;255
254;255;255
254;255;255
254;255;255
254;255;255
254;255;255
254;255;255
254;255;255
254;255;255
254;255;255
254;255;255
254;255;255
254;255;255
254;255;255
254;255;255
254;255;255
254;255;255
254;255;255
254;255;255
254;255;255
254;255;255
254;255;255
254;255;255
254;255;255
254;255;255
254;255;255
254;255;255
254;255;255
254;255;255
254;255;255
254;255;255
254;255;255
254;255;255
254;255;255
254;255;255
254;255;255
254;255;255
254;255;255
254;255;255
254;255;255
254;255;255
254;255;255
254;255;255
254;255;255
254;255;255
254;255;255
254;255;255
254;255;255
254;255;255
254;255;255
254;255;255
254;255;255
254;255;255
254;255;255
254;255;255
254;255;255
254;255;255
254;255;255
254;255;255
254;255;255
254;255;255
254;255;255
254;255;255
254;255;255
254;255;255
254;255;255
254;255;255
