254,255,255
254,255,255
254,255,255
254,255,255
254,255,255
254,255,255
254,255,255
254,255,255
254,255,255
254,255,255
254,255,255
254,255,255
254,255,255
254,255,255
254,255,255
254,255,255
254,255,255
254,255,255
254,255,255
254,255,255
254,255,255
254,255,255
254,255,255
254,255,255
254,255,255
254,255,255
254,255,255
254,255,255
254,255,255
254,255,255
254,255,255
254,255,255
254,255,255
254,255,255
254,255,255
254,255,255
254,255,255
254,255,255
254,255,255
254,255,255
254,255,255
254,255,255
254,255,255
254,255,255
254,255,255
254,255,255
254,255,255
254,255,255
254,255,255
254,255,255
254,255,255
254,255,255
254,255,255
254,255,255
254,255,255
254,255,255
254,255,255
254,255,255
254,255,255
254,255,255
255,254,255
254,255,255
254,255,255
254,255,255
254,255,255
254,255,255
254,255,255
254,255,255
254,255,255
254,255,255
254,255,255
254,255,255
254,255,255
254,255,255
254,255,255
254,255,255
254,255,255
254,255,255
254,255,255
254,255,255
254,255,255
254,255,255
254,255,255
254,255,255
254,255,255
254,255,255
254,255,255
254,255,255
254,255,255
254,255,255
254,255,255
254,255,255
254,255,255
254,255,255
254,255,255
254,255,255
254,255,255
254,255,255
254,255,255
254,255,255
254,255,255
254,255,255
254,255,255
254,255,255
254,255,255
254,255,255
254,255,255
254,255,255
254,255,255
254,255,255
254,255,255
254,255,255
254,255,255
254,255,255
254,255,255
254,255,255
254,255,255
254,255,255
254,255,255
254,255,255
254,255,255
254,255,255
254,255,255
254,255,255
254,255,255
254,255,255
254,255,255
254,255,255
253,253,253
254,255,255
252,253,253
253,253,253
254,255,255
252,253,254
252,253,254
252,253,253
252,253,253
252,253,253
254,255,255
254,255,255
254,255,255
254,255,255
254,255,255
254,255,255
254,255,255
254,255,255
254,255,255
254,255,255
254,255,255
254,255,255
254,255,255
254,255,255
254,255,255
254,255,255
254,255,255
254,255,255
254,255,255
254,255,255
254,255,255
254,255,255
254,255,255
254,255,255
254,255,255
254,255,255
254,255,255
254,255,255
254,255,255
254,255,255
254,255,255
254,255,255
252,253,253
252,253,253
252,253,253
252,253,253
252,253,253
252,253,253
252,253,253
252,253,253
252,253,253
252,253,253
252,253,253
252,253,253
252,253,253
252,253,253
252,253,253
252,253,253
252,253,253
252,253,253
251,252,252
252,253,253
252,253,253
252,253,253
252,253,253
252,253,253
252,253,253
252,253,253
252,253,253
252,253,253
254,255,255
253,255,255
253,255,255
253,255,255
253,255,255
254,255,255
254,255,255
254,255,255
254,255,255
254,255,255
254,255,255
254,255,255
254,255,255
254,255,255
254,255,255
254,255,255
254,255,255
254,255,255
254,255,255
254,255,255
254,255,255
254,255,255
254,255,255
254,255,255
254,255,255
252,253,253
252,253,253
252,253,253
252,253,253
252,253,253
254,255,255
254,255,255
254,255,255
254,255,255
254,255,255
254,255,255
254,255,255
252,253,253
252,253,253
252,253,253
252,253,253
252,253,253
252,253,253
252,253,253
252,253,253
252,253,253
252,253,253
252,253,253
252,253,253
252,253,253
252,253,253
252,253,253
252,253,253
252,253,253
252,253,253
252,253,253
252,253,253
254,255,255
254,255,255
254,255,255
254,255,255
254,255,255
254,255,255
252,253,253
252,253,253
252,253,253
252,253,253
252,253,253
252,253,253
252,253,254
252,253,254
252,253,253
252,253,253
252,253,253
252,253,253
251,252,252
251,252,252
251,252,252
251,252,252
252,253,253
252,253,253
252,253,253
252,253,253
252,253,253
252,253,253
252,253,253
252,253,253
252,253,253
252,253,253
252,254,255
252,254,255
254,255,255
254,255,255
254,255,255
254,255,255
254,255,255
254,255,255
254,255,255
254,255,255
254,255,255
254,255,255
254,255,255
254,255,255
254,255,255
254,255,255
254,255,255
254,255,255
254,255,255
254,255,255
254,255,255
254,255,255
254,255,255
254,255,255
254,255,255
254,255,255
254,255,255
254,255,255
254,255,255
254,255,255
254,255,255
254,255,255
254,255,255
254,255,255
254,255,255
254,255,255
254,255,255
254,255,255
254,255,255
254,255,255
254,255,255
254,255,255
254,255,255
254,255,255
254,255,255
254,255,255
254,255,255
254,255,255
254,255,255
254,255,255
254,255,255
254,255,255
254,255,255
254,255,255
254,255,255
254,255,255
254,255,255
254,255,255
254,255,255
254,255,255
254,255,255
254,255,255
254,255,255
254,255,255
254,255,255
254,255,255
254,255,255
254,255,255
254,255,255
254,255,255
254,255,255
254,255,255
254,255,255
254,255,255
254,255,255
254,255,255
254,255,255
254,255,255
254,255,255
254,255,255
254,255,255
254,255,255
254,255,255
254,255,255
254,255,255
254,255,255
254,255,255
254,255,255
254,255,255
254,255,255
254,255,255
254,255,255
254,255,255
254,255,255
254,255,255
254,255,255
254,255,255
254,255,255
254,255,255
254,255,255
254,255,255
254,255,255
254,255,255
252,253,253
252,253,253
252,253,253
252,253,253
252,253,253
252,253,253
252,253,253
252,253,253
252,253,253
252,253,253
252,253,253
253,253,253
254,253,253
253,253,253
252,253,253
254,255,255
254,255,255
254,254,255
254,255,255
254,255,255
253,255,255
252,253,253
252,253,253
252,253,253
252,253,253
252,253,253
252,253,253
252,253,253
252,253,253
252,253,253
252,253,253
251,252,252
251,252,252
251,252,252
251,252,252
251,252,252
252,252,252
252,252,252
250,251,251
250,251,251
250,251,251
250,251,251
250,251,251
250,251,251
250,251,251
250,251,251
250,251,251
251,252,252
250,251,251
251,252,252
251,252,252
251,252,252
251,252,252
251,252,252
252,253,253
252,253,253
252,253,253
252,253,254
252,253,254
253,253,253
253,253,253
253,253,253
253,253,253
189,188,188
174,173,173
168,167,166
168,168,165
168,168,165
168,168,165
168,168,165
167,166,164
168,168,165
168,168,165
168,168,165
168,168,165
168,168,165
168,168,165
168,168,165
169,168,165
168,167,166
168,167,166
168,168,165
168,168,165
169,168,165
169,168,165
166,167,167
119,166,194
83,165,213
41,165,234
1,163,254
0,162,255
0,163,255
0,163,255
0,163,255
0,163,255
0,163,255
0,163,255
0,163,255
0,163,255
0,162,255
0,163,255
0,172,244
0,192,241
0,212,246
0,220,240
0,220,240
0,220,239
0,220,238
0,220,238
0,220,238
0,220,239
0,220,240
0,219,240
0,219,240
0,219,240
0,220,240
72,226,181
93,195,103
126,173,29
165,178,2
167,178,0
168,178,0
168,178,0
168,178,0
168,178,0
168,178,0
168,178,0
254,255,255
254,255,255
254,255,255
254,255,255
254,255,255
254,255,255
254,255,255
254,255,255
254,255,255
254,255,255
254,255,255
254,255,255
254,255,255
254,255,255
254,255,255
254,255,255
254,255,255
254,255,255
254,255,255
254,255,255
254,255,255
254,255,255
254,255,255
254,255,255
254,255,255
254,255,255
254,255,255
254,255,255
254,255,255
254,255,255
254,255,255
254,255,255
254,255,255
254,255,255
254,255,255
254,255,255
254,255,255
254,255,255
254,255,255
254,255,255
254,255,255
254,255,255
254,255,255
254,255,255
254,255,255
254,255,255
254,255,255
254,255,255
254,255,255
254,255,255
254,255,255
254,255,255
254,255,255
254,255,255
254,255,255
254,255,255
254,255,255
254,255,255
254,255,255
254,255,255
254,255,255
254,255,255
254,255,255
254,255,255
254,255,255
254,255,255
254,255,255
254,255,255
254,255,255
254,255,255
254,255,255
254,255,255
254,255,255
254,255,255
254,255,255
