254,255,255
254,255,255
254,255,255
254,255,255
254,255,255
254,255,255
254,255,255
254,255,255
254,255,255
254,255,255
254,255,255
254,255,255
254,255,255
254,255,255
254,255,255
254,255,255
254,255,255
254,255,255
254,255,255
254,255,255
254,255,255
254,255,255
254,255,255
254,255,255
254,255,255
254,255,255
254,255,255
254,255,255
254,255,255
254,255,255
254,255,255
254,255,255
254,255,255
254,255,255
254,255,255
254,255,255
254,255,255
254,255,255
254,255,255
254,255,255
254,255,255
254,255,255
254,255,255
254,255,255
254,255,255
254,255,255
254,255,255
254,255,255
254,255,255
254,255,255
254,255,255
254,255,255
254,255,255
254,255,255
254,255,255
254,255,255
254,255,255
254,255,255
254,255,255
254,255,255
255,254,255
254,255,255
254,255,255
254,255,255
254,255,255
254,255,255
254,255,255
254,255,255
254,255,255
254,255,255
254,255,255
254,255,255
254,255,255
254,255,255
254,255,255
254,255,255
254,255,255
254,255,255
254,255,255
254,255,255
254,255,255
254,255,255
254,255,255
254,255,255
254,255,255
254,255,255
254,255,255
254,255,255
254,255,255
254,255,255
254,255,255
254,255,255
254,255,255
254,255,255
254,255,255
254,255,255
254,255,255
254,255,255
254,255,255
254,255,255
254,255,255
254,255,255
254,255,255
254,255,255
254,255,255
254,255,255
254,255,255
254,255,255
254,255,255
254,255,255
254,255,255
254,255,255
254,255,255
254,255,255
254,255,255
254,255,255
254,255,255
254,255,255
254,255,255
254,255,255
254,255,255
254,255,255
254,255,255
254,255,255
254,255,255
254,255,255
254,255,255
254,255,255
253,253,253
254,255,255
252,253,253
253,253,253
254,255,255
252,253,254
252,253,254
252,253,253
252,253,253
252,253,253
254,255,255
254,255,255
254,255,255
254,255,255
254,255,255
254,255,255
254,255,255
254,255,255
254,255,255
254,255,255
254,255,255
254,255,255
254,255,255
254,255,255
254,255,255
254,255,255
254,255,255
254,255,255
254,255,255
254,255,255
254,255,255
254,255,255
254,255,255
254,255,255
254,255,255
254,255,255
254,255,255
254,255,255
254,255,255
254,255,255
254,255,255
254,255,255
252,253,253
252,253,253
252,253,253
252,253,253
252,253,253
252,253,253
252,253,253
252,253,253
252,253,253
252,253,253
252,253,253
252,253,253
252,253,253
252,253,253
252,253,253
252,253,253
252,253,253
252,253,253
251,252,252
252,253,253
252,253,253
252,253,253
252,253,253
252,253,253
252,253,253
252,253,253
252,253,253
252,253,253
254,255,255
253,255,255
253,255,255
253,255,255
253,255,255
254,255,255
254,255,255
254,255,255
254,255,255
254,255,255
254,255,255
254,255,255
254,255,255
254,255,255
254,255,255
254,255,255
254,255,255
254,255,255
254,255,255
254,255,255
254,255,255
254,255,255
254,255,255
254,255,255
254,255,255
252,253,253
252,253,253
252,253,253
252,253,253
252,253,253
254,255,255
254,255,255
254,255,255
254,255,255
254,255,255
254,255,255
254,255,255
252,253,253
252,253,253
252,253,253
252,253,253
252,253,253
252,253,253
252,253,253
252,253,253
252,253,253
252,253,253
252,253,253
252,253,253
252,253,253
252,253,253
252,253,253
252,253,253
252,253,253
252,253,253
252,253,253
252,253,253
254,255,255
254,255,255
254,255,255
254,255,255
254,255,255
254,255,255
252,253,253
252,253,253
252,253,253
252,253,253
252,253,253
252,253,253
252,253,254
252,253,254
252,253,253
252,253,253
252,253,253
252,253,253
251,252,252
251,252,252
251,252,252
251,252,252
252,253,253
252,253,253
252,253,253
252,253,253
252,253,253
252,253,253
252,253,253
252,253,253
252,253,253
252,253,253
252,254,255
252,254,255
254,255,255
254,255,255
254,255,255
254,255,255
254,255,255
254,255,255
254,255,255
254,255,255
254,255,255
254,255,255
254,255,255
254,255,255
254,255,255
254,255,255
254,255,255
254,255,255
254,255,255
254,255,255
254,255,255
254,255,255
254,255,255
254,255,255
254,255,255
254,255,255
254,255,255
254,255,255
254,255,255
254,255,255
254,255,255
254,255,255
254,255,255
254,255,255
254,255,255
254,255,255
254,255,255
254,255,255
254,255,255
254,255,255
254,255,255
254,255,255
254,255,255
254,255,255
254,255,255
254,255,255
254,255,255
254,255,255
254,255,255
254,255,255
254,255,255
254,255,255
254,255,255
254,255,255
254,255,255
254,255,255
254,255,255
254,255,255
254,255,255
254,255,255
254,255,255
254,255,255
254,255,255
254,255,255
254,255,255
254,255,255
254,255,255
254,255,255
254,255,255
254,255,255
254,255,255
254,255,255
254,255,255
254,255,255
254,255,255
254,255,255
254,255,255
254,255,255
254,255,255
254,255,255
254,255,255
254,255,255
254,255,255
254,255,255
254,255,255
254,255,255
254,255,255
254,255,255
254,255,255
254,255,255
254,255,255
254,255,255
254,255,255
254,255,255
254,255,255
254,255,255
254,255,255
254,255,255
254,255,255
254,255,255
254,255,255
254,255,255
254,255,255
252,253,253
252,253,253
252,253,253
252,253,253
252,253,253
252,253,253
252,253,253
252,253,253
252,253,253
252,253,253
252,253,253
253,253,253
254,253,253
253,253,253
252,253,253
254,255,255
254,255,255
254,254,255
254,255,255
254,255,255
253,255,255
252,253,253
252,253,253
252,253,253
252,253,253
252,253,253
252,253,253
252,253,253
252,253,253
252,253,253
252,253,253
251,252,252
251,252,252
251,252,252
251,252,252
251,252,252
252,252,252
252,252,252
250,251,251
250,251,251
250,251,251
250,251,251
250,251,251
250,251,251
250,251,251
250,251,251
250,251,251
251,252,252
250,251,251
251,252,252
251,252,252
251,252,252
251,252,252
251,252,252
252,253,253
252,253,253
252,253,253
252,253,254
252,253,254
253,253,253
253,253,253
252,253,253
252,253,253
252,253,253
252,253,253
252,253,253
252,253,253
252,253,253
254,255,255
254,255,255
254,255,255
254,255,255
254,255,255
254,255,255
254,255,255
254,255,255
254,255,255
254,255,255
254,255,255
254,255,255
249,250,250
172,171,170
168,167,166
168,168,165
168,168,165
168,168,165
168,168,165
168,168,165
168,168,165
168,168,165
168,168,165
168,167,166
168,167,166
169,167,166
170,167,165
170,167,165
168,167,166
150,166,175
119,166,193
37,164,234
10,164,249
0,163,255
0,163,255
0,163,255
0,162,255
0,163,255
0,163,255
0,163,254
0,164,254
0,178,240
0,200,245
0,219,241
0,220,239
0,220,238
0,220,239
0,219,239
0,220,239
0,220,239
0,219,240
4,220,236
43,224,208
96,213,135
147,175,15
168,178,0
168,178,0
168,178,0
168,178,0
254,255,255
254,255,255
254,255,255
254,255,255
254,255,255
254,255,255
254,255,255
254,255,255
254,255,255
254,255,255
254,255,255
254,255,255
254,255,255
254,255,255
254,255,255
254,255,255
254,255,255
254,255,255
254,255,255
254,255,255
254,255,255
254,255,255
254,255,255
254,255,255
254,255,255
254,255,255
254,255,255
254,255,255
254,255,255
254,255,255
254,255,255
254,255,255
254,255,255
254,255,255
254,255,255
254,255,255
254,255,255
254,255,255
254,255,255
254,255,255
254,255,255
254,255,255
254,255,255
254,255,255
254,255,255
254,255,255
254,255,255
254,255,255
254,255,255
254,255,255
254,255,255
254,255,255
254,255,255
254,255,255
254,255,255
254,255,255
254,255,255
254,255,255
254,255,255
254,255,255
254,255,255
254,255,255
254,255,255
254,255,255
254,255,255
254,255,255
254,255,255
254,255,255
254,255,255
254,255,255
254,255,255
254,255,255
254,255,255
254,255,255
254,255,255
