254;255;255
254;255;255
254;255;255
254;255;255
254;255;255
254;255;255
254;255;255
254;255;255
254;255;255
254;255;255
254;255;255
254;255;255
254;255;255
254;255;255
254;255;255
254;255;255
254;255;255
254;255;255
254;255;255
254;255;255
254;255;255
254;255;255
254;255;255
254;255;255
254;255;255
254;255;255
254;255;255
254;255;255
254;255;255
254;255;255
254;255;255
254;255;255
254;255;255
254;255;255
254;255;255
254;255;255
254;255;255
254;255;255
254;255;255
254;255;255
254;255;255
254;255;255
254;255;255
254;255;255
254;255;255
254;255;255
254;255;255
254;255;255
254;255;255
254;255;255
254;255;255
254;255;255
254;255;255
254;255;255
254;255;255
254;255;255
254;255;255
254;255;255
254;255;255
254;255;255
254;255;255
254;255;255
254;255;255
254;255;255
254;255;255
254;255;255
254;255;255
254;255;255
254;255;255
254;255;255
254;255;255
254;255;255
254;255;255
254;255;255
254;255;255
254;255;255
254;255;255
254;255;255
254;255;255
254;255;255
254;255;255
254;255;255
254;255;255
254;255;255
254;255;255
254;255;255
254;255;255
254;255;255
254;255;255
254;255;255
254;255;255
254;255;255
254;255;255
254;255;255
254;255;255
254;255;255
254;255;255
254;255;255
254;255;255
254;255;255
254;255;255
254;255;255
254;255;255
254;255;255
254;255;255
254;255;255
254;255;255
254;255;255
254;255;255
254;255;255
254;255;255
254;255;255
254;255;255
254;255;255
254;255;255
254;255;255
254;255;255
254;255;255
254;255;255
254;255;255
254;255;255
254;255;255
254;255;255
254;255;255
254;255;255
254;255;255
254;255;255
254;255;255
252;253;253
254;255;255
252;253;253
252;253;253
254;255;255
252;253;253
252;253;253
252;253;253
252;253;253
252;253;253
254;255;255
254;255;255
254;255;255
254;255;255
254;255;255
254;255;255
254;255;255
254;255;255
254;255;255
254;255;255
254;255;255
254;255;255
254;255;255
254;255;255
254;255;255
254;255;255
254;255;255
254;255;255
254;255;255
254;255;255
254;255;255
254;255;255
254;255;255
254;255;255
254;255;255
254;255;255
254;255;255
254;255;255
254;255;255
254;255;255
254;255;255
254;255;255
252;253;253
252;253;253
252;253;253
252;253;253
252;253;253
252;253;253
252;253;253
252;253;253
252;253;253
252;253;253
252;253;253
252;253;253
252;253;253
252;253;253
252;253;253
252;253;253
252;253;253
252;253;253
252;253;253
252;253;253
252;253;253
252;253;253
252;253;253
252;253;253
252;253;253
252;253;253
252;253;253
252;253;253
254;255;255
254;255;255
254;255;255
254;255;255
254;255;255
254;255;255
254;255;255
254;255;255
254;255;255
254;255;255
254;255;255
254;255;255
254;255;255
254;255;255
254;255;255
254;255;255
254;255;255
254;255;255
254;255;255
254;255;255
254;255;255
254;255;255
254;255;255
254;255;255
254;255;255
252;253;253
252;253;253
252;253;253
252;253;253
252;253;253
254;255;255
254;255;255
254;255;255
254;255;255
254;255;255
254;255;255
254;255;255
252;253;253
252;253;253
252;253;253
252;253;253
252;253;253
252;253;253
252;253;253
252;253;253
252;253;253
252;253;253
252;253;253
252;253;253
252;253;253
252;253;253
252;253;253
252;253;253
252;253;253
252;253;253
252;253;253
252;253;253
254;255;255
254;255;255
254;255;255
254;255;255
254;255;255
254;255;255
254;255;255
252;253;253
252;253;253
252;253;253
252;253;253
252;253;253
252;253;253
252;253;253
252;253;253
252;253;253
252;253;253
252;253;253
251;252;252
251;252;252
251;252;252
251;252;252
252;253;253
252;253;253
252;253;253
252;253;253
252;253;253
252;253;253
252;253;253
252;253;253
252;253;253
254;255;255
254;255;255
254;255;255
254;255;255
254;255;255
254;255;255
254;255;255
254;255;255
254;255;255
254;255;255
254;255;255
254;255;255
254;255;255
255;255;255
254;255;255
254;255;255
254;255;255
254;255;255
254;255;255
254;255;255
254;255;255
254;255;255
254;255;255
254;255;255
254;255;255
254;255;255
254;255;255
254;255;255
254;255;255
254;255;255
254;255;255
254;255;255
254;255;255
254;255;255
254;255;255
254;255;255
254;255;255
254;255;255
254;255;255
254;255;255
254;255;255
254;255;255
254;255;255
254;255;255
254;255;255
254;255;255
254;255;255
254;255;255
254;255;255
254;255;255
254;255;255
254;255;255
254;255;255
254;255;255
254;255;255
254;255;255
254;255;255
254;255;255
254;255;255
254;255;255
254;255;255
254;255;255
254;255;255
254;255;255
254;255;255
254;255;255
254;255;255
254;255;255
254;255;255
254;255;255
254;255;255
254;255;255
254;255;255
254;255;255
254;255;255
254;255;255
254;255;255
254;255;255
254;255;255
254;255;255
254;255;255
254;255;255
254;255;255
254;255;255
254;255;255
254;255;255
254;255;255
254;255;255
254;255;255
254;255;255
254;255;255
254;255;255
254;255;255
254;255;255
254;255;255
254;255;255
254;255;255
254;255;255
254;255;255
254;255;255
254;255;255
254;255;255
254;255;255
254;255;255
252;253;253
254;255;255
252;253;253
252;253;253
252;253;253
252;253;253
252;253;253
252;253;253
252;253;253
252;253;253
252;253;253
252;253;253
252;253;253
252;253;253
252;253;253
254;255;255
254;255;255
254;255;255
254;255;255
254;255;255
254;255;255
252;253;253
252;253;253
252;253;253
252;253;253
252;253;253
252;253;253
252;253;253
252;253;253
252;253;253
252;253;253
251;252;252
251;252;252
251;252;252
251;252;252
251;252;252
251;252;252
250;251;251
250;251;251
250;251;251
250;251;251
250;251;251
250;251;251
250;251;251
250;251;251
250;251;251
250;251;251
251;252;252
250;251;251
251;252;252
251;252;252
251;252;252
251;252;252
252;253;253
252;253;253
252;253;253
252;253;253
252;253;253
252;253;253
252;253;253
252;253;253
252;253;253
252;253;253
252;253;253
252;253;253
252;253;253
252;253;253
252;253;253
254;255;255
254;255;255
254;255;255
254;255;255
254;255;255
254;255;255
254;255;255
254;255;255
254;255;255
254;255;255
254;255;255
254;255;255
254;255;255
254;255;255
254;255;255
254;255;255
254;255;255
254;255;255
254;255;255
254;255;255
254;255;255
254;255;255
254;255;255
254;255;255
252;253;253
252;253;253
252;253;253
252;253;253
252;253;253
252;253;253
252;253;253
252;253;253
253;253;253
248;246;246
185;183;184
168;167;167
168;168;165
168;168;164
168;168;165
168;168;165
168;168;165
170;167;165
170;167;165
171;167;165
173;167;164
166;167;168
117;167;195
64;165;221
10;163;250
0;163;255
0;163;255
0;164;251
0;169;241
0;197;244
2;219;240
0;220;238
3;220;237
14;221;229
101;193;92
254;255;255
254;255;255
254;255;255
254;255;255
254;255;255
254;255;255
254;255;255
254;255;255
254;255;255
254;255;255
254;255;255
254;255;255
254;255;255
254;255;255
254;255;255
254;255;255
254;255;255
254;255;255
254;255;255
254;255;255
254;255;255
254;255;255
254;255;255
254;255;255
254;255;255
254;255;255
254;255;255
254;255;255
254;255;255
254;255;255
254;255;255
254;255;255
254;255;255
254;255;255
254;255;255
254;255;255
254;255;255
254;255;255
254;255;255
254;255;255
254;255;255
254;255;255
254;255;255
254;255;255
254;255;255
254;255;255
254;255;255
254;255;255
254;255;255
254;255;255
254;255;255
254;255;255
254;255;255
254;255;255
254;255;255
254;255;255
254;255;255
254;255;255
254;255;255
254;255;255
254;255;255
254;255;255
254;255;255
254;255;255
254;255;255
254;255;255
254;255;255
254;255;255
254;255;255
254;255;255
254;255;255
254;255;255
254;255;255
254;255;255
254;255;255
