195584
195584
195584
195584
195584
195584
195584
195584
195584
195584
195584
195584
195584
195584
195584
195584
195584
195584
195584
195584
195584
195584
195584
195584
195584
195584
195584
195584
195584
195584
195584
195584
195584
195584
195584
195584
195584
195584
195584
195584
195584
195584
195584
195584
195584
195584
195584
195584
195584
195584
195584
195584
195584
195584
195584
195584
195584
195584
195584
195584
195584
195584
195584
195584
195584
195584
195584
195584
195584
195584
195584
195584
195584
195584
195584
195584
195584
195584
195584
195584
195584
195584
195584
195584
195584
195584
195584
195584
195584
195584
195584
195584
195584
195584
195584
195584
195584
195584
195584
195584
195584
195584
195584
195584
195584
195584
195584
195584
195584
195584
195584
195584
195584
195584
195584
195584
195584
195584
195584
195584
195584
195584
195584
195584
195584
195584
195584
195584
194048
195584
194048
194048
195584
194048
194048
194048
194048
194048
195584
195584
195584
195584
195584
195584
195584
195584
195584
195584
195584
195584
195584
195584
195584
195584
195584
195584
195584
195584
195584
195584
195584
195584
195584
195584
195584
195584
195584
195584
195584
195584
194048
194048
194048
194048
194048
194048
194048
194048
194048
194048
194048
194048
194048
194048
194048
194048
194048
194048
194048
194048
194048
194048
194048
194048
194048
194048
194048
194048
195584
195584
195584
195584
195584
195584
195584
195584
195584
195584
195584
195584
195584
195584
195584
195584
195584
195584
195584
195584
195584
195584
195584
195584
195584
194048
194048
194048
194048
194048
195584
195584
195584
195584
195584
195584
195584
194048
194048
194048
194048
194048
194048
194048
194048
194048
194048
194048
194048
194048
194048
194048
194048
194048
194048
194048
194048
195584
195584
195584
195584
195584
195584
195584
194048
194048
194048
194048
194048
194048
194048
194048
194048
194048
194048
193280
193280
193280
193280
194048
194048
194048
194048
194048
194048
194048
194048
194048
195584
195584
195584
195584
195584
195584
195584
195584
195584
195584
195584
195584
195584
195840
195584
195584
195584
195584
195584
195584
195584
195584
195584
195584
195584
195584
195584
195584
195584
195584
195584
195584
195584
195584
195584
195584
195584
195584
195584
195584
195584
195584
195584
195584
195584
195584
195584
195584
195584
195584
195584
195584
195584
195584
195584
195584
195584
195584
195584
195584
195584
195584
195584
195584
195584
195584
195584
195584
195584
195584
195584
195584
195584
195584
195584
195584
195584
195584
195584
195584
195584
195584
195584
195584
195584
195584
195584
195584
195584
195584
195584
195584
195584
195584
195584
195584
195584
195584
195584
195584
195584
195584
195584
195584
194048
195584
194048
194048
194048
194048
194048
194048
194048
194048
194048
194048
194048
194048
194048
195584
195584
195584
195584
195584
195584
194048
194048
194048
194048
194048
194048
194048
194048
194048
194048
193280
193280
193280
193280
193280
193280
192512
192512
192512
192512
192512
192512
192512
192512
192512
192512
193280
192512
193280
193280
193280
193280
194048
194048
194048
194048
194048
194048
194048
194048
194048
194048
194048
194048
194048
194048
194048
195584
195584
195584
195584
195584
195584
195584
195584
195584
195584
195584
195584
195584
195584
195584
195584
195584
195584
195584
195584
195584
195584
195584
195584
195584
195584
195584
195584
195584
195584
194048
194048
194048
194048
194048
194048
194048
194048
194048
194048
194048
194048
194048
194048
194048
194048
194048
194048
194304
190976
143872
138240
137984
137984
137984
137984
138240
138752
132608
195584
195584
195584
195584
195584
195584
195584
195584
195584
195584
195584
195584
195584
195584
195584
195584
195584
195584
195584
195584
195584
195584
195584
195584
195584
195584
195584
195584
195584
195584
195584
195584
195584
195584
195584
195584
195584
195584
195584
195584
195584
195584
195584
195584
195584
195584
195584
195584
195584
195584
195584
195584
195584
195584
195584
195584
195584
195584
195584
195584
195584
195584
195584
195584
195584
195584
195584
195584
195584
195584
195584
195584
195584
195584
195584
