195584
195584
195584
195584
195584
195584
195584
195584
195584
195584
195584
195584
195584
195584
195584
195584
195584
195584
195584
195584
195584
195584
195584
195584
195584
195584
195584
195584
195584
195584
195584
195584
195584
195584
195584
195584
195584
195584
195584
195584
195584
195584
195584
195584
195584
195584
195584
195584
195584
195584
195584
195584
195584
195584
195584
195584
195584
195584
195584
195584
195584
195584
195584
195584
195584
195584
195584
195584
195584
195584
195584
195584
195584
195584
195584
195584
195584
195584
195584
195584
195584
195584
195584
195584
195584
195584
195584
195584
195584
195584
195584
195584
195584
195584
195584
195584
195584
195584
195584
195584
195584
195584
195584
195584
195584
195584
195584
195584
195584
195584
195584
195584
195584
195584
195584
195584
195584
195584
195584
195584
195584
195584
195584
195584
195584
195584
195584
195584
194048
195584
194048
194048
195584
194048
194048
194048
194048
194048
195584
195584
195584
195584
195584
195584
195584
195584
195584
195584
195584
195584
195584
195584
195584
195584
195584
195584
195584
195584
195584
195584
195584
195584
195584
195584
195584
195584
195584
195584
195584
195584
194048
194048
194048
194048
194048
194048
194048
194048
194048
194048
194048
194048
194048
194048
194048
194048
194048
194048
194048
194048
194048
194048
194048
194048
194048
194048
194048
194048
195584
195584
195584
195584
195584
195584
195584
195584
195584
195584
195584
195584
195584
195584
195584
195584
195584
195584
195584
195584
195584
195584
195584
195584
195584
194048
194048
194048
194048
194048
195584
195584
195584
195584
195584
195584
195584
194048
194048
194048
194048
194048
194048
194048
194048
194048
194048
194048
194048
194048
194048
194048
194048
194048
194048
194048
194048
195584
195584
195584
195584
195584
195584
195584
194048
194048
194048
194048
194048
194048
194048
194048
194048
194048
194048
193280
193280
193280
193280
194048
194048
194048
194048
194048
194048
194048
194048
194048
195584
195584
195584
195584
195584
195584
195584
195584
195584
195584
195584
195584
195584
195840
195584
195584
195584
195584
195584
195584
195584
195584
195584
195584
195584
195584
195584
195584
195584
195584
195584
195584
195584
195584
195584
195584
195584
195584
195584
195584
195584
195584
195584
195584
195584
195584
195584
195584
195584
195584
195584
195584
195584
195584
195584
195584
195584
195584
195584
195584
195584
195584
195584
195584
195584
195584
195584
195584
195584
195584
195584
195584
195584
195584
195584
195584
195584
195584
195584
195584
195584
195584
195584
195584
195584
195584
195584
195584
195584
195584
195584
195584
195584
195584
195584
195584
195584
195584
195584
195584
195584
195584
195584
195584
194048
195584
194048
194048
194048
194048
194048
194048
194048
194048
194048
194048
194048
194048
194048
195584
195584
195584
195584
195584
195584
194048
194048
194048
194048
194048
194048
194048
194048
194048
194048
193280
193280
193280
193280
193280
193280
192512
192512
192512
192512
192512
192512
192512
192512
192512
192512
193280
192512
193280
193280
193280
193280
194048
194048
194048
194048
194048
194048
194048
194048
194048
194048
194048
194048
194048
194048
194048
195584
195584
195584
195584
195584
195584
195584
195584
195584
195584
195584
195584
195584
195584
195584
195584
195584
195584
195584
195584
195584
195584
195584
195584
195584
195584
195584
195584
195584
195584
194048
194048
194048
194048
194048
194048
194048
194048
194048
194048
194048
194048
194048
194048
194048
194048
194048
194048
194048
194048
194048
194560
195328
176128
155904
154624
154624
154624
154880
195584
195584
195584
195584
195584
195584
195584
195584
195584
195584
195584
195584
195584
195584
195584
195584
195584
195584
195584
195584
195584
195584
195584
195584
195584
195584
195584
195584
195584
195584
195584
195584
195584
195584
195584
195584
195584
195584
195584
195584
195584
195584
195584
195584
195584
195584
195584
195584
195584
195584
195584
195584
195584
195584
195584
195584
195584
195584
195584
195584
195584
195584
195584
195584
195584
195584
195584
195584
195584
195584
195584
195584
195584
195584
195584
